1 22.719000 0.031000 0.977000 1 1 
2 23.257999 0.361000 0.996000 1 6 
3 23.771000 0.743000 1.013000 1 7 
4 24.194000 1.100000 1.028000 1 9 
5 24.634001 1.469000 1.044000 1 9 
6 24.934999 1.881000 1.055000 1 1 
7 25.016001 2.243000 1.058000 1 1 
8 25.379000 2.638000 1.072000 1 1 
9 25.714001 3.042000 1.085000 1 1 
10 26.063000 3.499000 1.098000 1 1 
11 26.707001 3.972000 1.122000 1 1 
12 22.101999 3.602000 0.966000 2 1 
13 22.033001 3.947000 0.966000 2 1 
14 27.686001 5.372000 1.163000 3 1 
15 27.688999 5.780000 1.166000 3 1 
16 27.888000 6.234000 1.175000 3 1 
17 28.917000 6.944000 1.215000 3 1 
18 28.797001 7.347000 1.214000 3 1 
19 28.591999 7.727000 1.211000 3 1 
20 28.847000 8.285000 1.224000 3 1 
21 7.669000 4.863000 0.516000 4 1 
22 7.514000 4.898000 0.512000 4 1 
23 7.684000 5.166000 0.522000 4 1 
24 7.502000 5.199000 0.518000 4 1 
25 7.385000 5.291000 0.516000 4 1 
26 7.372000 5.442000 0.519000 4 1 
27 19.695000 -19.572001 1.148000 5 1 
28 19.343000 -18.687000 1.119000 5 1 
29 19.792000 -18.586000 1.127000 5 1 
30 20.225000 -18.403999 1.134000 5 1 
31 18.683001 -16.527000 1.053000 6 1 
32 18.575001 -15.970000 1.037000 6 1 
33 19.106001 -15.962000 1.051000 6 1 
34 19.643999 -15.893000 1.064000 6 1 
35 23.756001 -18.664000 1.231000 1 1 
36 23.280001 -17.420000 1.192000 1 1 
37 23.159000 -16.825001 1.177000 1 1 
38 22.841000 -16.106001 1.154000 1 1 
39 22.785000 -15.537000 1.142000 1 1 
40 22.841000 -15.107000 1.135000 1 1 
41 22.527000 -14.446000 1.114000 1 1 
42 22.632000 -14.066000 1.110000 1 1 
43 22.318001 -13.391000 1.089000 1 1 
44 22.232000 -12.916000 1.079000 1 1 
45 22.329000 -12.553000 1.075000 1 1 
46 22.242001 -12.049000 1.064000 1 1 
47 22.343000 -11.698000 1.062000 1 1 
48 15.028000 -7.609000 0.779000 7 1 
49 14.822000 -7.129000 0.765000 7 1 
50 15.184000 -7.011000 0.775000 7 1 
51 15.260000 -6.786000 0.774000 7 1 
52 21.969000 -9.388000 1.017000 1 1 
53 21.577999 -8.784000 0.997000 1 1 
54 21.551001 -8.420000 0.991000 1 1 
55 21.511999 -8.018000 0.985000 1 1 
56 21.583000 -7.699000 0.984000 1 1 
57 21.507999 -7.331000 0.978000 1 1 
58 21.205999 -6.859000 0.963000 1 1 
59 21.194000 -6.526000 0.959000 1 1 
60 21.090000 -6.169000 0.952000 1 1 
61 20.857000 -5.747000 0.941000 1 1 
62 20.768999 -5.408000 0.935000 1 1 
63 20.927000 -5.135000 0.938000 1 1 
64 20.860001 -4.807000 0.933000 1 1 
65 20.798000 -4.450000 0.928000 1 1 
66 20.739000 -4.132000 0.924000 1 1 
67 20.455000 -3.776000 0.912000 1 1 
68 20.395000 -3.434000 0.908000 1 1 
69 20.379000 -3.136000 0.906000 1 1 
70 20.492001 -2.858000 0.909000 1 1 
71 20.913000 -2.615000 0.922000 1 1 
72 20.968000 -2.288000 0.922000 1 1 
73 21.049999 -1.996000 0.924000 1 1 
74 20.752001 -1.607000 0.913000 1 1 
75 20.871000 -1.320000 0.916000 1 1 
76 21.260000 -1.009000 0.929000 1 1 
77 21.997999 -0.731000 0.953000 1 1 
78 22.455000 -0.428000 0.969000 1 1 
79 22.660999 -0.112000 0.975000 1 1 
80 23.084000 0.255000 0.843000 1 1 
81 23.656000 0.595000 0.859000 1 1 
82 23.929001 0.940000 0.867000 1 1 
83 24.511999 1.348000 0.883000 1 1 
84 24.826000 1.717000 0.892000 1 1 
85 24.865000 2.074000 0.894000 1 1 
86 25.247000 2.505000 0.906000 1 1 
87 25.594000 2.905000 0.916000 1 1 
88 25.962999 3.319000 0.928000 1 1 
89 26.597000 3.782000 0.947000 1 1 
90 26.965000 4.267000 0.959000 1 1 
91 21.930000 3.794000 0.820000 2 1 
92 27.493999 5.151000 0.977000 3 1 
93 27.597000 5.620000 0.983000 3 1 
94 27.808001 6.073000 0.991000 3 1 
95 33.630001 7.839000 1.157000 -1 -1 
96 29.087000 7.218000 1.032000 3 1 
97 28.532000 7.655000 1.020000 3 1 
98 28.812000 8.168000 1.032000 3 1 
99 7.719000 5.142000 0.463000 4 1 
100 7.385000 5.072000 0.455000 4 1 
101 7.487000 5.299000 0.461000 4 1 
102 7.414000 5.425000 0.461000 4 1 
103 19.388000 -18.851999 0.952000 5 1 
104 19.856001 -18.709999 0.958000 5 1 
105 18.816999 -16.174999 0.890000 6 1 
106 19.268999 -16.045000 0.898000 6 1 
107 19.724001 -15.957000 0.906000 6 1 
108 23.892000 -18.783001 1.044000 1 1 
109 23.246000 -17.632999 1.010000 1 1 
110 23.177000 -17.013000 0.999000 1 1 
111 22.957001 -16.357000 0.983000 1 1 
112 22.719000 -15.707000 0.968000 1 1 
113 22.853001 -15.326000 0.965000 1 1 
114 22.698000 -14.711000 0.952000 1 1 
115 22.655001 -14.232000 0.944000 1 1 
116 22.552000 -13.726000 0.934000 1 1 
117 22.253000 -13.069000 0.918000 1 1 
118 22.198999 -12.618000 0.910000 1 1 
119 22.225000 -12.220000 0.906000 1 1 
120 22.362000 -11.887000 0.904000 1 1 
121 22.291000 -11.404000 0.897000 1 1 
122 14.820000 -7.136000 0.661000 7 1 
123 15.151000 -7.034000 0.668000 7 1 
124 22.024000 -9.862000 0.872000 1 1 
125 21.947001 -9.456000 0.865000 1 1 
126 21.884001 -9.024000 0.859000 1 1 
127 21.541000 -8.528000 0.845000 1 1 
128 21.424000 -8.133000 0.838000 1 1 
129 21.584000 -7.846000 0.840000 1 1 
130 21.523001 -7.443000 0.834000 1 1 
131 21.448000 -7.079000 0.829000 1 1 
132 21.188999 -6.663000 0.819000 1 1 
133 21.129999 -6.281000 0.814000 1 1 
134 20.858999 -5.880000 0.804000 1 1 
135 20.761000 -5.537000 0.799000 1 1 
136 20.938000 -5.233000 0.802000 1 1 
137 20.872000 -4.904000 0.798000 1 1 
138 20.808001 -4.580000 0.794000 1 1 
139 20.743999 -4.259000 0.791000 1 1 
140 20.457001 -3.866000 0.781000 1 1 
141 20.396999 -3.556000 0.778000 1 1 
142 20.350000 -3.252000 0.775000 1 1 
143 20.406000 -2.966000 0.775000 1 1 
144 20.882000 -2.702000 0.787000 1 1 
145 20.938000 -2.408000 0.788000 1 1 
146 21.028000 -2.118000 0.789000 1 1 
147 20.834000 -1.768000 0.783000 1 1 
148 20.816999 -1.471000 0.782000 1 1 
149 21.055000 -1.189000 0.788000 1 1 
150 21.721001 -0.919000 0.806000 1 1 
151 22.209999 -0.591000 0.819000 1 1 
152 22.666000 -0.284000 0.831000 1 1 
153 22.634001 0.020000 0.724000 1 1 
154 23.235001 0.349000 0.738000 1 1 
155 23.761999 0.694000 0.750000 1 1 
156 24.056999 1.043000 0.757000 1 1 
157 24.634001 1.457000 0.770000 1 1 
158 24.945999 1.830000 0.778000 1 1 
159 25.010000 2.191000 0.780000 1 1 
160 25.354000 2.623000 0.789000 1 1 
161 25.712999 3.029000 0.798000 1 1 
162 26.084000 3.447000 0.808000 1 1 
163 26.729000 3.918000 0.824000 1 1 
164 22.139999 3.597000 0.719000 2 1 
165 21.948999 3.885000 0.716000 2 1 
166 27.631001 5.302000 0.849000 3 1 
167 27.687000 5.765000 0.852000 3 1 
168 27.885000 6.219000 0.859000 3 1 
169 28.941999 6.887000 0.886000 3 1 
170 28.732000 7.364000 0.884000 3 1 
171 28.653000 7.825000 0.885000 3 1 
172 28.995001 8.361000 0.896000 3 1 
173 7.501000 5.123000 0.415000 4 1 
174 7.503000 5.282000 0.417000 4 1 
175 7.490000 5.451000 0.419000 4 1 
176 19.436001 -18.855000 0.825000 5 1 
177 19.914000 -18.660999 0.830000 5 1 
178 20.299999 -17.916000 0.825000 5 1 
179 19.243000 -15.837000 0.776000 6 1 
180 23.614000 -18.813000 0.896000 1 1 
181 23.707001 -18.108999 0.888000 1 1 
182 23.263000 -17.256001 0.868000 1 1 
183 23.011000 -16.570000 0.854000 1 1 
184 22.816999 -15.946000 0.842000 1 1 
185 22.948999 -15.507000 0.839000 1 1 
186 22.837000 -14.967000 0.830000 1 1 
187 22.674999 -14.407000 0.820000 1 1 
188 22.660000 -13.903000 0.814000 1 1 
189 22.330999 -13.271000 0.800000 1 1 
190 22.238001 -12.794000 0.793000 1 1 
191 22.322001 -12.334000 0.789000 1 1 
192 22.436001 -11.941000 0.787000 1 1 
193 22.344000 -11.490000 0.781000 1 1 
194 15.180000 -7.487000 0.594000 7 1 
195 15.161000 -7.213000 0.591000 7 1 
196 22.122999 -10.090000 0.762000 1 1 
197 22.063999 -9.689000 0.757000 1 1 
198 21.969999 -9.279000 0.751000 1 1 
199 21.579000 -8.757000 0.739000 1 1 
200 21.555000 -8.356000 0.735000 1 1 
201 21.608999 -8.027000 0.733000 1 1 
202 21.601999 -7.679000 0.730000 1 1 
203 21.542999 -7.280000 0.726000 1 1 
204 21.221001 -6.839000 0.716000 1 1 
205 21.195999 -6.501000 0.713000 1 1 
206 20.999001 -6.082000 0.706000 1 1 
207 20.884001 -5.730000 0.702000 1 1 
208 20.832001 -5.401000 0.698000 1 1 
209 20.943001 -5.115000 0.699000 1 1 
210 20.884001 -4.754000 0.696000 1 1 
211 20.820000 -4.431000 0.693000 1 1 
212 20.757000 -4.112000 0.690000 1 1 
213 20.469000 -3.755000 0.682000 1 1 
214 20.415001 -3.415000 0.680000 1 1 
215 20.414000 -3.119000 0.679000 1 1 
216 20.750999 -2.871000 0.685000 1 1 
217 20.940001 -2.562000 0.689000 1 1 
218 21.010000 -2.270000 0.690000 1 1 
219 21.094000 -1.977000 0.691000 1 1 
220 20.791000 -1.653000 0.683000 1 1 
221 20.893999 -1.331000 0.685000 1 1 
222 21.264000 -1.053000 0.693000 1 1 
223 22.006001 -0.777000 0.710000 1 1 
224 22.444000 -0.439000 0.720000 1 1 
225 22.712000 -0.123000 0.726000 1 1 
226 23.062000 0.224000 0.559000 1 1 
227 23.635000 0.601000 0.567000 1 1 
228 23.944000 0.947000 0.572000 1 1 
229 24.507999 1.316000 0.581000 1 1 
230 24.834000 1.686000 0.586000 1 1 
231 24.858000 2.080000 0.587000 1 1 
232 25.226000 2.470000 0.593000 1 1 
233 25.572001 2.869000 0.599000 1 1 
234 25.931000 3.322000 0.605000 1 1 
235 26.570000 3.786000 0.616000 1 1 
236 26.961000 4.230000 0.623000 1 1 
237 21.941999 3.766000 0.546000 2 1 
238 27.462999 5.153000 0.633000 3 1 
239 27.608999 5.585000 0.636000 3 1 
240 27.801001 6.034000 0.640000 3 1 
241 33.647999 7.852000 0.733000 -1 -1 
242 29.091999 7.228000 0.664000 3 1 
243 28.575001 7.530000 0.657000 3 1 
244 28.732000 8.056000 0.662000 3 1 
245 25.291000 9.200000 0.617000 8 1 
246 7.463000 5.146000 0.346000 4 1 
247 7.469000 5.342000 0.347000 4 1 
248 12.677000 9.410000 0.448000 9 1 
249 19.500999 -18.952000 0.621000 5 1 
250 19.976000 -18.872000 0.626000 5 1 
251 18.875000 -16.216999 0.586000 6 1 
252 23.698000 -19.667000 0.676000 1 1 
253 23.556999 -18.993000 0.668000 1 1 
254 23.816000 -18.652000 0.668000 1 1 
255 23.240000 -17.561001 0.651000 1 1 
256 23.150999 -16.929001 0.644000 1 1 
257 22.868000 -16.230000 0.634000 1 1 
258 22.719999 -15.646000 0.627000 1 1 
259 22.863001 -15.221000 0.626000 1 1 
260 22.509001 -14.529000 0.615000 1 1 
261 22.634001 -14.160000 0.614000 1 1 
262 22.566000 -13.629000 0.609000 1 1 
263 22.249001 -13.012000 0.600000 1 1 
264 22.306000 -12.625000 0.598000 1 1 
265 22.216000 -12.162000 0.593000 1 1 
266 22.761000 -12.000000 0.599000 1 1 
267 22.809000 -11.616000 0.597000 1 1 
268 21.940001 -10.784000 0.580000 1 1 
269 21.879999 -10.373000 0.576000 1 1 
270 22.099001 -10.055000 0.577000 1 1 
271 22.011999 -9.642000 0.573000 1 1 
272 21.893999 -9.223000 0.569000 1 1 
273 21.570000 -8.611000 0.561000 1 1 
274 21.458000 -8.216000 0.557000 1 1 
275 21.881001 -8.026000 0.562000 1 1 
276 21.691000 -7.610000 0.557000 1 1 
277 21.611000 -7.202000 0.554000 1 1 
278 21.194000 -6.731000 0.546000 1 1 
279 21.129999 -6.383000 0.543000 1 1 
280 20.874001 -5.949000 0.538000 1 1 
281 20.820999 -5.617000 0.536000 1 1 
282 20.917999 -5.327000 0.536000 1 1 
283 20.879999 -5.004000 0.534000 1 1 
284 20.823000 -4.646000 0.532000 1 1 
285 20.754000 -4.323000 0.530000 1 1 
286 20.562000 -3.980000 0.526000 1 1 
287 20.415001 -3.653000 0.523000 1 1 
288 20.354000 -3.313000 0.521000 1 1 
289 20.402000 -3.025000 0.521000 1 1 
290 20.851000 -2.792000 0.528000 1 1 
291 20.944000 -2.470000 0.529000 1 1 
292 21.004999 -2.177000 0.529000 1 1 
293 20.941999 -1.805000 0.527000 1 1 
294 20.806000 -1.497000 0.525000 1 1 
295 21.018000 -1.181000 0.528000 1 1 
296 21.500000 -0.904000 0.535000 1 1 
297 22.209000 -0.620000 0.546000 1 1 
298 22.639000 -0.313000 0.552000 1 1 
299 18.035000 0.034000 0.390000 13 0 
300 23.466000 0.384000 0.444000 1 1 
301 23.789000 0.764000 0.448000 1 1 
302 24.334999 1.127000 0.453000 1 1 
303 24.639999 1.490000 0.457000 1 1 
304 24.950001 1.903000 0.460000 1 1 
305 25.086000 2.271000 0.462000 1 1 
306 25.398001 2.662000 0.465000 1 1 
307 25.759001 3.069000 0.469000 1 1 
308 26.086000 3.525000 0.473000 1 1 
309 26.761000 4.003000 0.481000 1 1 
310 22.003000 3.605000 0.433000 2 1 
311 21.948000 3.951000 0.433000 2 1 
312 27.568001 5.373000 0.491000 3 1 
313 27.714001 5.810000 0.493000 3 1 
314 32.077999 7.256000 0.540000 -1 -1 
315 28.961000 6.981000 0.508000 3 1 
316 28.702999 7.445000 0.507000 3 1 
317 28.697001 7.878000 0.508000 3 1 
318 30.393000 8.810000 0.527000 -1 -1 
319 25.475000 9.104000 0.481000 8 1 
320 7.499000 5.154000 0.299000 4 1 
321 7.496000 5.309000 0.300000 4 1 
322 7.347000 5.361000 0.299000 4 1 
323 19.466000 -18.892000 0.481000 5 1 
324 19.995001 -18.864000 0.485000 5 1 
325 23.709999 -19.829000 0.520000 1 1 
326 23.579000 -19.160000 0.514000 1 1 
327 23.711000 -18.716999 0.512000 1 1 
328 23.611000 -18.103001 0.508000 1 1 
329 23.188999 -17.209000 0.499000 1 1 
330 22.993999 -16.566000 0.494000 1 1 
331 22.764999 -15.918000 0.488000 1 1 
332 22.898001 -15.481000 0.487000 1 1 
333 22.797001 -14.948000 0.483000 1 1 
334 22.638000 -14.391000 0.478000 1 1 
335 22.563000 -13.900000 0.475000 1 1 
336 22.266001 -13.239000 0.469000 1 1 
337 22.187000 -12.772000 0.466000 1 1 
338 22.257000 -12.397000 0.465000 1 1 
339 22.346001 -12.035000 0.464000 1 1 
340 22.813999 -11.829000 0.467000 1 1 
341 22.541000 -11.286000 0.462000 1 1 
342 15.085000 -7.298000 0.377000 7 1 
343 21.872999 -10.149000 0.451000 1 1 
344 22.086000 -9.870000 0.452000 1 1 
345 21.924999 -9.429000 0.448000 1 1 
346 21.537001 -8.746000 0.442000 1 1 
347 21.496000 -8.339000 0.440000 1 1 
348 21.587000 -8.025000 0.440000 1 1 
349 21.672001 -7.710000 0.440000 1 1 
350 21.629000 -7.352000 0.438000 1 1 
351 21.179001 -6.830000 0.432000 1 1 
352 21.155001 -6.494000 0.431000 1 1 
353 20.903999 -6.096000 0.427000 1 1 
354 20.805000 -5.749000 0.425000 1 1 
355 20.796000 -5.397000 0.424000 1 1 
356 20.905001 -5.111000 0.425000 1 1 
357 20.829000 -4.781000 0.423000 1 1 
358 20.768999 -4.425000 0.422000 1 1 
359 20.708000 -4.107000 0.421000 1 1 
360 20.431000 -3.754000 0.417000 1 1 
361 20.368000 -3.445000 0.416000 1 1 
362 20.384001 -3.119000 0.416000 1 1 
363 20.774000 -2.879000 0.419000 1 1 
364 20.920000 -2.598000 0.420000 1 1 
365 20.974001 -2.271000 0.420000 1 1 
366 21.049999 -1.978000 0.421000 1 1 
367 20.743000 -1.654000 0.418000 1 1 
368 20.854000 -1.367000 0.418000 1 1 
369 21.229000 -1.056000 0.422000 1 1 
370 21.975000 -0.781000 0.429000 1 1 
371 22.440001 -0.480000 0.434000 1 1 
372 22.656000 -0.128000 0.436000 1 1 
373 22.992001 0.210000 0.279000 1 1 
374 23.579000 0.549000 0.281000 1 1 
375 23.849001 0.930000 0.282000 1 1 
376 24.476999 1.300000 0.284000 1 1 
377 24.806999 1.669000 0.285000 1 1 
378 24.783001 2.020000 0.285000 1 1 
379 25.158001 2.448000 0.286000 1 1 
380 25.504999 2.846000 0.288000 1 1 
381 25.863001 3.257000 0.289000 1 1 
382 26.500000 3.760000 0.291000 1 1 
383 26.881001 4.202000 0.293000 1 1 
384 21.848000 3.737000 0.277000 2 1 
385 27.372999 5.119000 0.295000 3 1 
386 27.527000 5.552000 0.295000 3 1 
387 27.740999 6.004000 0.296000 3 1 
388 28.579000 6.609000 0.299000 3 1 
389 29.464001 7.351000 0.303000 3 1 
390 28.485001 7.585000 0.300000 3 1 
391 28.715000 8.082000 0.301000 3 1 
392 7.409000 5.069000 0.235000 4 1 
393 7.412000 5.226000 0.235000 4 1 
394 7.597000 5.535000 0.236000 4 1 
395 19.462999 -18.759001 0.292000 5 1 
396 23.589001 -19.599001 0.303000 1 1 
397 23.356001 -18.853001 0.301000 1 1 
398 23.219000 -18.205999 0.300000 1 1 
399 23.106001 -17.594999 0.298000 1 1 
400 23.080999 -17.009001 0.297000 1 1 
401 22.916000 -16.392000 0.296000 1 1 
402 22.674000 -15.739000 0.294000 1 1 
403 22.797001 -15.300000 0.293000 1 1 
404 22.462000 -14.617000 0.291000 1 1 
405 22.573000 -14.240000 0.291000 1 1 
406 22.475000 -13.737000 0.290000 1 1 
407 22.184000 -13.084000 0.288000 1 1 
408 22.117001 -12.626000 0.287000 1 1 
409 22.155001 -12.236000 0.287000 1 1 
410 22.332001 -11.880000 0.287000 1 1 
411 22.243000 -11.432000 0.286000 1 1 
412 21.872999 -10.853000 0.284000 1 1 
413 15.037000 -7.189000 0.259000 7 1 
414 21.951000 -10.086000 0.283000 1 1 
415 21.961000 -9.717000 0.283000 1 1 
416 21.844999 -9.298000 0.282000 1 1 
417 21.483999 -8.748000 0.280000 1 1 
418 21.448000 -8.382000 0.279000 1 1 
419 21.448000 -8.034000 0.279000 1 1 
420 21.539000 -7.723000 0.279000 1 1 
421 21.455000 -7.314000 0.278000 1 1 
422 21.101999 -6.862000 0.277000 1 1 
423 21.094999 -6.531000 0.276000 1 1 
424 20.948000 -6.162000 0.276000 1 1 
425 20.754999 -5.752000 0.275000 1 1 
426 20.704000 -5.424000 0.274000 1 1 
427 20.853001 -5.149000 0.275000 1 1 
428 20.787001 -4.788000 0.274000 1 1 
429 20.726000 -4.466000 0.274000 1 1 
430 20.638000 -4.142000 0.273000 1 1 
431 20.368000 -3.756000 0.272000 1 1 
432 20.309999 -3.449000 0.272000 1 1 
433 20.292000 -3.151000 0.272000 1 1 
434 20.459000 -2.882000 0.272000 1 1 
435 20.757999 -2.593000 0.273000 1 1 
436 20.841999 -2.304000 0.273000 1 1 
437 20.910999 -2.013000 0.273000 1 1 
438 20.653999 -1.694000 0.272000 1 1 
439 20.770000 -1.375000 0.272000 1 1 
440 21.117001 -1.099000 0.273000 1 1 
441 21.851999 -0.829000 0.276000 1 1 
442 22.296000 -0.496000 0.277000 1 1 
443 22.612000 -0.183000 0.278000 1 1 
444 22.788000 0.041000 0.171000 1 1 
445 23.278999 0.408000 0.170000 1 1 
446 23.785000 0.754000 0.170000 1 1 
447 24.257000 1.113000 0.169000 1 1 
448 24.733999 1.525000 0.168000 1 1 
449 25.017000 1.898000 0.168000 1 1 
450 25.073000 2.260000 0.167000 1 1 
451 25.424000 2.655000 0.167000 1 1 
452 25.778999 3.102000 0.166000 1 1 
453 26.128000 3.520000 0.166000 1 1 
454 26.774000 3.994000 0.165000 1 1 
455 22.038000 3.637000 0.172000 2 1 
456 21.955000 3.943000 0.172000 2 1 
457 27.648001 5.377000 0.163000 3 1 
458 27.742001 5.804000 0.163000 3 1 
459 28.518999 6.437000 0.161000 3 1 
460 28.747999 6.917000 0.161000 3 1 
461 28.812000 7.365000 0.160000 3 1 
462 28.639000 7.802000 0.160000 3 1 
463 28.929001 8.322000 0.160000 3 1 
464 25.535000 9.160000 0.164000 8 1 
465 7.527000 5.239000 0.192000 4 1 
466 7.538000 5.406000 0.192000 4 1 
467 19.603001 -18.802000 0.164000 5 1 
468 23.700001 -19.646999 0.159000 1 1 
469 23.579000 -18.931000 0.160000 1 1 
470 23.474001 -18.306999 0.160000 1 1 
471 23.299000 -17.648001 0.161000 1 1 
472 23.226999 -17.025999 0.162000 1 1 
473 22.912001 -16.302999 0.163000 1 1 
474 22.691000 -15.668000 0.164000 1 1 
475 22.580000 -15.073000 0.164000 1 1 
476 22.454000 -14.536000 0.165000 1 1 
477 22.354000 -14.027000 0.166000 1 1 
478 22.240999 -13.522000 0.166000 1 1 
479 22.288000 -13.076000 0.166000 1 1 
480 22.254999 -12.637000 0.167000 1 1 
481 22.142000 -12.163000 0.167000 1 1 
482 22.059000 -11.714000 0.168000 1 1 
483 21.978001 -11.233000 0.168000 1 1 
484 21.891001 -10.801000 0.169000 1 1 
485 15.134000 -7.212000 0.180000 7 1 
486 22.115999 -10.103000 0.169000 1 1 
487 22.080999 -9.712000 0.169000 1 1 
488 21.948000 -9.205000 0.170000 1 1 
489 21.570000 -8.691000 0.170000 1 1 
490 21.408001 -8.238000 0.171000 1 1 
491 18.652000 -6.880000 0.176000 10 1 
492 18.726999 -6.608000 0.176000 10 1 
493 18.870001 -6.360000 0.176000 10 1 
494 21.129999 -6.751000 0.172000 1 1 
495 21.146999 -6.428000 0.172000 1 1 
496 20.921000 -6.038000 0.173000 1 1 
497 20.844999 -5.663000 0.173000 1 1 
498 20.791000 -5.335000 0.173000 1 1 
499 20.715000 -5.004000 0.173000 1 1 
500 20.658001 -4.648000 0.174000 1 1 
501 20.594000 -4.329000 0.174000 1 1 
502 20.532000 -4.014000 0.174000 1 1 
503 20.455000 -3.700000 0.174000 1 1 
504 20.392000 -3.359000 0.174000 1 1 
505 20.423000 -3.068000 0.174000 1 1 
506 20.514000 -2.786000 0.174000 1 1 
507 20.579000 -2.499000 0.174000 1 1 
508 20.652000 -2.179000 0.174000 1 1 
509 20.736000 -1.892000 0.174000 1 1 
510 20.811001 -1.602000 0.174000 1 1 
511 20.895000 -1.279000 0.174000 1 1 
512 21.299000 -1.001000 0.173000 1 1 
513 21.712999 -0.713000 0.173000 1 1 
514 22.167000 -0.413000 0.172000 1 1 
515 22.618000 -0.066000 0.171000 1 1 
516 23.082001 0.275000 0.024000 1 1 
517 23.648001 0.616000 0.019000 1 1 
518 23.917000 0.998000 0.017000 1 1 
519 24.226000 1.354000 0.015000 1 1 
520 24.545000 1.720000 0.012000 1 1 
521 24.840000 2.133000 0.009000 1 1 
522 25.219000 2.525000 0.006000 1 1 
523 25.569000 2.925000 0.003000 1 1 
524 25.920000 3.337000 -0.000000 1 1 
525 26.254000 3.799000 -0.003000 1 1 
526 26.608999 4.235000 -0.006000 1 1 
527 21.865000 3.802000 0.031000 2 1 
528 27.461000 5.214000 -0.014000 3 1 
529 27.580000 5.642000 -0.016000 3 1 
530 27.806000 6.099000 -0.018000 3 1 
531 28.572001 6.690000 -0.025000 3 1 
532 12.354000 3.113000 0.106000 11 1 
533 12.246000 3.271000 0.106000 11 1 
534 12.157000 3.432000 0.106000 11 1 
535 12.046000 3.606000 0.107000 11 1 
536 11.955000 3.764000 0.107000 11 1 
537 11.872000 3.923000 0.107000 11 1 
538 11.788000 4.102000 0.108000 11 1 
539 12.376000 4.502000 0.102000 11 1 
540 7.514000 5.084000 0.134000 4 1 
541 12.630000 8.905000 0.084000 9 1 
542 19.778999 -18.604000 -0.008000 5 1 
543 23.712000 -19.843000 -0.038000 1 1 
544 23.563999 -19.158001 -0.033000 1 1 
545 23.490999 -18.493999 -0.030000 1 1 
546 22.437000 -17.153999 -0.017000 1 1 
547 23.188999 -17.216000 -0.022000 1 1 
548 22.957001 -16.544001 -0.017000 1 1 
549 22.794001 -15.889000 -0.013000 1 1 
550 22.636999 -15.308000 -0.009000 1 1 
551 22.608000 -14.826000 -0.007000 1 1 
552 22.514999 -14.264000 -0.004000 1 1 
553 22.400999 -13.752000 -0.001000 1 1 
554 22.268999 -13.240000 0.002000 1 1 
555 22.190001 -12.772000 0.004000 1 1 
556 22.290001 -12.368000 0.005000 1 1 
557 22.215000 -11.918000 0.007000 1 1 
558 22.056000 -11.434000 0.010000 1 1 
559 22.013000 -10.976000 0.012000 1 1 
560 15.136000 -7.214000 0.074000 7 1 
561 21.940001 -10.091000 0.016000 1 1 
562 22.025999 -9.756000 0.016000 1 1 
563 21.934999 -9.347000 0.018000 1 1 
564 21.538000 -8.701000 0.023000 1 1 
565 21.500999 -8.334000 0.024000 1 1 
566 18.555000 -6.822000 0.050000 10 1 
567 18.684000 -6.571000 0.050000 10 1 
568 18.816999 -6.288000 0.050000 10 1 
569 21.188000 -6.752000 0.031000 1 1 
570 21.139999 -6.408000 0.032000 1 1 
571 20.863001 -6.003000 0.035000 1 1 
572 20.804001 -5.634000 0.036000 1 1 
573 20.743999 -5.304000 0.037000 1 1 
574 20.679001 -4.977000 0.038000 1 1 
575 20.612000 -4.619000 0.039000 1 1 
576 20.548000 -4.301000 0.040000 1 1 
577 20.500999 -3.989000 0.041000 1 1 
578 20.403999 -3.671000 0.043000 1 1 
579 20.343000 -3.331000 0.043000 1 1 
580 20.386000 -3.043000 0.043000 1 1 
581 20.478001 -2.761000 0.043000 1 1 
582 20.547001 -2.443000 0.043000 1 1 
583 20.622999 -2.157000 0.042000 1 1 
584 20.707001 -1.870000 0.042000 1 1 
585 20.754000 -1.579000 0.042000 1 1 
586 20.889999 -1.260000 0.041000 1 1 
587 21.283001 -0.982000 0.038000 1 1 
588 21.730000 -0.696000 0.035000 1 1 
589 22.167000 -0.362000 0.031000 1 1 
590 22.639999 -0.050000 0.027000 1 1 
591 23.120001 0.298000 -0.119000 1 1 
592 23.670000 0.678000 -0.126000 1 1 
593 23.917999 1.024000 -0.130000 1 1 
594 24.291000 1.384000 -0.135000 1 1 
595 24.629000 1.792000 -0.141000 1 1 
596 24.337999 2.117000 -0.137000 1 1 
597 24.525999 2.484000 -0.140000 1 1 
598 24.862000 2.874000 -0.145000 1 1 
599 25.198999 3.315000 -0.151000 1 1 
600 25.570999 3.733000 -0.157000 1 1 
601 22.023001 3.530000 -0.107000 2 1 
602 21.847000 3.854000 -0.105000 2 1 
603 27.511000 5.263000 -0.187000 3 1 
604 27.608000 5.687000 -0.190000 3 1 
605 27.809999 6.140000 -0.194000 3 1 
606 28.608999 6.790000 -0.207000 3 1 
607 13.380000 3.564000 0.011000 11 1 
608 14.037000 3.954000 0.001000 11 1 
609 14.818000 4.529000 -0.012000 11 1 
610 14.758000 4.740000 -0.012000 11 1 
611 14.692000 4.949000 -0.012000 11 1 
612 11.968000 4.301000 0.027000 11 1 
613 12.770000 4.796000 0.014000 11 1 
614 13.831000 5.446000 -0.003000 11 1 
615 12.813000 8.971000 -0.014000 9 1 
616 19.622999 -18.760000 -0.175000 5 1 
617 21.827000 -19.650999 -0.206000 12 1 
618 20.525000 -16.910000 -0.167000 1 1 
619 23.500000 -18.804001 -0.216000 1 1 
620 23.400000 -18.188000 -0.210000 1 1 
621 23.211000 -17.464001 -0.202000 1 1 
622 23.073999 -16.856001 -0.195000 1 1 
623 22.834999 -16.191999 -0.187000 1 1 
624 22.712000 -15.575000 -0.180000 1 1 
625 22.542000 -14.995000 -0.174000 1 1 
626 22.489000 -14.506000 -0.170000 1 1 
627 22.278000 -13.928000 -0.163000 1 1 
628 22.302000 -13.461000 -0.160000 1 1 
629 22.221001 -12.987000 -0.155000 1 1 
630 22.323999 -12.628000 -0.154000 1 1 
631 22.195999 -12.100000 -0.149000 1 1 
632 22.153999 -11.674000 -0.145000 1 1 
633 22.066999 -11.233000 -0.142000 1 1 
634 21.937000 -10.779000 -0.137000 1 1 
635 21.801001 -10.249000 -0.132000 1 1 
636 22.056000 -9.949000 -0.134000 1 1 
637 21.976000 -9.541000 -0.130000 1 1 
638 21.872000 -9.131000 -0.127000 1 1 
639 21.559999 -8.606000 -0.120000 1 1 
640 21.445999 -8.212000 -0.116000 1 1 
641 18.575001 -6.817000 -0.072000 10 1 
642 18.701000 -6.531000 -0.072000 10 1 
643 18.820000 -6.276000 -0.073000 10 1 
644 21.188999 -6.731000 -0.106000 1 1 
645 21.127001 -6.384000 -0.104000 1 1 
646 20.863001 -5.949000 -0.099000 1 1 
647 20.782000 -5.610000 -0.096000 1 1 
648 20.747000 -5.287000 -0.095000 1 1 
649 20.681999 -4.926000 -0.092000 1 1 
650 20.603001 -4.601000 -0.090000 1 1 
651 20.537001 -4.282000 -0.088000 1 1 
652 20.448000 -3.963000 -0.086000 1 1 
653 20.396999 -3.622000 -0.085000 1 1 
654 20.334000 -3.315000 -0.083000 1 1 
655 20.381001 -3.027000 -0.083000 1 1 
656 20.469000 -2.745000 -0.084000 1 1 
657 20.545000 -2.428000 -0.084000 1 1 
658 20.629000 -2.142000 -0.085000 1 1 
659 20.698999 -1.854000 -0.086000 1 1 
660 20.766001 -1.532000 -0.086000 1 1 
661 20.921000 -1.246000 -0.088000 1 1 
662 21.292000 -0.966000 -0.093000 1 1 
663 21.754000 -0.678000 -0.100000 1 1 
664 22.183001 -0.342000 -0.105000 1 1 
665 22.628000 -0.029000 -0.112000 1 1 
666 23.216999 0.313000 -0.282000 1 1 
667 23.737000 0.692000 -0.293000 1 1 
668 23.996000 1.039000 -0.299000 1 1 
669 24.356001 1.400000 -0.306000 1 1 
670 24.718000 1.810000 -0.315000 1 1 
671 24.410999 2.135000 -0.309000 1 1 
672 24.591999 2.501000 -0.313000 1 1 
673 24.938999 2.933000 -0.321000 1 1 
674 25.287001 3.336000 -0.330000 1 1 
675 25.641001 3.752000 -0.338000 1 1 
676 21.969999 3.537000 -0.262000 2 1 
677 21.879999 3.876000 -0.261000 2 1 
678 27.601999 5.286000 -0.384000 3 1 
679 27.672001 5.705000 -0.387000 3 1 
680 27.881001 6.161000 -0.394000 3 1 
681 12.619000 3.011000 -0.067000 11 1 
682 14.426000 4.068000 -0.109000 11 1 
683 11.734000 4.146000 -0.056000 11 1 
684 14.307000 5.663000 -0.118000 11 1 
685 12.853000 8.971000 -0.124000 9 1 
686 18.761999 -19.638000 -0.364000 5 1 
687 18.613001 -18.938999 -0.352000 5 1 
688 19.698000 -18.763000 -0.365000 5 1 
689 21.698999 -19.532000 -0.407000 12 1 
690 19.742001 -17.268000 -0.345000 1 1 
691 19.917999 -16.877001 -0.342000 1 1 
692 20.313000 -16.724001 -0.347000 1 1 
693 20.837999 -16.667999 -0.354000 1 1 
694 21.330000 -16.573000 -0.361000 1 1 
695 21.822001 -16.413000 -0.367000 1 1 
696 22.465000 -16.405001 -0.378000 1 1 
697 22.843000 -16.191999 -0.382000 1 1 
698 22.742001 -15.588000 -0.373000 1 1 
699 22.625999 -15.043000 -0.365000 1 1 
700 22.490000 -14.498000 -0.356000 1 1 
701 22.466999 -13.988000 -0.350000 1 1 
702 22.333000 -13.469000 -0.342000 1 1 
703 22.260000 -13.000000 -0.335000 1 1 
704 22.313000 -12.518000 -0.331000 1 1 
705 22.215000 -12.053000 -0.325000 1 1 
706 22.143000 -11.568000 -0.319000 1 1 
707 22.069000 -11.134000 -0.313000 1 1 
708 21.983000 -10.704000 -0.308000 1 1 
709 21.861000 -10.222000 -0.301000 1 1 
710 22.080000 -9.947000 -0.303000 1 1 
711 21.997999 -9.538000 -0.298000 1 1 
712 21.584999 -8.839000 -0.284000 1 1 
713 21.548000 -8.431000 -0.280000 1 1 
714 18.587999 -6.901000 -0.211000 10 1 
715 18.687000 -6.639000 -0.211000 10 1 
716 18.809999 -6.384000 -0.211000 10 1 
717 21.212000 -6.833000 -0.262000 1 1 
718 21.174000 -6.492000 -0.259000 1 1 
719 20.952999 -6.101000 -0.252000 1 1 
720 20.854000 -5.753000 -0.249000 1 1 
721 20.778999 -5.383000 -0.245000 1 1 
722 20.726999 -5.058000 -0.242000 1 1 
723 20.664000 -4.734000 -0.239000 1 1 
724 20.601999 -4.414000 -0.237000 1 1 
725 20.533001 -4.062000 -0.234000 1 1 
726 20.455000 -3.747000 -0.231000 1 1 
727 20.396999 -3.439000 -0.229000 1 1 
728 20.400000 -3.111000 -0.228000 1 1 
729 20.469000 -2.826000 -0.228000 1 1 
730 20.566999 -2.544000 -0.229000 1 1 
731 20.656000 -2.259000 -0.231000 1 1 
732 20.735001 -1.938000 -0.232000 1 1 
733 20.770000 -1.646000 -0.232000 1 1 
734 20.881001 -1.358000 -0.234000 1 1 
735 21.245001 -1.047000 -0.241000 1 1 
736 21.676001 -0.762000 -0.250000 1 1 
737 22.108000 -0.465000 -0.259000 1 1 
738 22.554001 -0.156000 -0.268000 1 1 
739 18.044001 0.112000 -0.266000 13 1 
740 23.583000 0.488000 -0.410000 1 1 
741 23.889999 0.833000 -0.419000 1 1 
742 24.184999 1.186000 -0.427000 1 1 
743 24.507000 1.589000 -0.436000 1 1 
744 24.819000 1.962000 -0.444000 1 1 
745 24.440001 2.280000 -0.435000 1 1 
746 24.757000 2.702000 -0.445000 1 1 
747 25.113001 3.102000 -0.455000 1 1 
748 25.466999 3.512000 -0.466000 1 1 
749 26.452999 4.116000 -0.493000 1 1 
750 21.856001 3.749000 -0.374000 2 1 
751 27.454000 5.116000 -0.524000 3 1 
752 27.656000 5.650000 -0.531000 3 1 
753 27.851999 6.102000 -0.539000 3 1 
754 12.593000 2.994000 -0.133000 11 1 
755 14.429000 4.089000 -0.186000 11 1 
756 14.203000 4.437000 -0.183000 11 1 
757 12.874000 4.903000 -0.154000 11 1 
758 14.404000 5.830000 -0.200000 11 1 
759 7.511000 5.158000 -0.033000 4 1 
760 12.336000 -16.752001 -0.338000 14 1 
761 12.907000 -16.211000 -0.336000 14 1 
762 18.659000 -19.605000 -0.501000 5 1 
763 18.624001 -19.021999 -0.489000 5 1 
764 18.674000 -18.542000 -0.482000 5 1 
765 19.032000 -18.313000 -0.484000 5 1 
766 20.030001 -18.733999 -0.510000 5 1 
767 21.618999 -19.652000 -0.557000 12 1 
768 19.559999 -17.285999 -0.476000 1 1 
769 19.834000 -16.980000 -0.476000 1 1 
770 20.150000 -16.763000 -0.479000 1 1 
771 20.650999 -16.691000 -0.488000 1 1 
772 21.129000 -16.535000 -0.495000 1 1 
773 21.639000 -16.445999 -0.504000 1 1 
774 22.183001 -16.370001 -0.514000 1 1 
775 8.791000 -6.316000 -0.078000 15 1 
776 22.767000 -15.773000 -0.518000 1 1 
777 22.642000 -15.218000 -0.507000 1 1 
778 22.542000 -14.693000 -0.497000 1 1 
779 22.452999 -14.138000 -0.487000 1 1 
780 22.347000 -13.634000 -0.478000 1 1 
781 22.243000 -13.143000 -0.469000 1 1 
782 22.204000 -12.700000 -0.462000 1 1 
783 22.240000 -12.261000 -0.458000 1 1 
784 22.148001 -11.806000 -0.450000 1 1 
785 22.059999 -11.362000 -0.442000 1 1 
786 21.964001 -10.923000 -0.435000 1 1 
787 15.155000 -7.193000 -0.233000 7 1 
788 22.103001 -10.097000 -0.429000 1 1 
789 22.028999 -9.690000 -0.423000 1 1 
790 21.936001 -9.281000 -0.416000 1 1 
791 21.576000 -8.733000 -0.402000 1 1 
792 21.511000 -8.355000 -0.397000 1 1 
793 18.625000 -6.870000 -0.313000 10 1 
794 18.750000 -6.583000 -0.313000 10 1 
795 18.867001 -6.326000 -0.314000 10 1 
796 21.207001 -6.775000 -0.376000 1 1 
797 21.172001 -6.436000 -0.372000 1 1 
798 20.921000 -6.003000 -0.363000 1 1 
799 20.847000 -5.664000 -0.359000 1 1 
800 20.778000 -5.331000 -0.355000 1 1 
801 20.712999 -5.004000 -0.351000 1 1 
802 20.657000 -4.648000 -0.347000 1 1 
803 20.599001 -4.330000 -0.344000 1 1 
804 20.509001 -4.010000 -0.340000 1 1 
805 20.465000 -3.668000 -0.337000 1 1 
806 20.386999 -3.358000 -0.334000 1 1 
807 20.424000 -3.068000 -0.334000 1 1 
808 20.525999 -2.754000 -0.335000 1 1 
809 20.600000 -2.468000 -0.336000 1 1 
810 20.674999 -2.181000 -0.337000 1 1 
811 20.750999 -1.893000 -0.339000 1 1 
812 20.806000 -1.569000 -0.339000 1 1 
813 20.950001 -1.282000 -0.343000 1 1 
814 21.334000 -1.002000 -0.352000 1 1 
815 21.795000 -0.715000 -0.364000 1 1 
816 22.233999 -0.379000 -0.375000 1 1 
817 22.653000 -0.066000 -0.386000 1 1 
818 23.097000 0.277000 -0.535000 1 1 
819 23.627001 0.654000 -0.552000 1 1 
820 23.927000 1.001000 -0.562000 1 1 
821 24.242001 1.357000 -0.573000 1 1 
822 24.556999 1.761000 -0.584000 1 1 
823 24.521999 2.108000 -0.583000 1 1 
824 24.565001 2.462000 -0.586000 1 1 
825 24.885000 2.849000 -0.597000 1 1 
826 25.233999 3.291000 -0.610000 1 1 
827 25.601999 3.707000 -0.624000 1 1 
828 21.900999 3.492000 -0.505000 2 1 
829 21.813000 3.830000 -0.504000 2 1 
830 27.483000 5.220000 -0.691000 3 1 
831 27.587999 5.646000 -0.697000 3 1 
832 27.818001 6.103000 -0.707000 3 1 
833 12.196000 2.892000 -0.197000 11 1 
834 12.658000 3.381000 -0.215000 11 1 
835 13.419000 3.810000 -0.242000 11 1 
836 12.444000 3.768000 -0.212000 11 1 
837 13.159000 4.187000 -0.238000 11 1 
838 12.217000 4.123000 -0.208000 11 1 
839 11.596000 4.180000 -0.190000 11 1 
840 14.422000 5.762000 -0.293000 11 1 
841 7.544000 5.174000 -0.088000 4 1 
842 4.040000 -9.156000 -0.116000 16 1 
843 12.437000 -17.716000 -0.488000 14 1 
844 12.591000 -16.841000 -0.469000 14 1 
845 18.656000 -19.834000 -0.667000 5 1 
846 18.584000 -19.205999 -0.651000 5 1 
847 18.552000 -18.579000 -0.636000 5 1 
848 18.704000 -18.208000 -0.631000 5 1 
849 19.743999 -18.686001 -0.666000 5 1 
850 21.334000 -19.566999 -0.722000 12 1 
851 19.474001 -17.358000 -0.631000 1 1 
852 19.579000 -16.959999 -0.625000 1 1 
853 20.045000 -16.874001 -0.634000 1 1 
854 20.441999 -16.667000 -0.640000 1 1 
855 21.018999 -16.541000 -0.652000 1 1 
856 21.561001 -16.481001 -0.664000 1 1 
857 22.042000 -16.360001 -0.674000 1 1 
858 8.724000 -6.245000 -0.139000 15 1 
859 22.614000 -15.655000 -0.676000 1 1 
860 22.507000 -15.114000 -0.663000 1 1 
861 22.337999 -14.546000 -0.649000 1 1 
862 22.382999 -14.080000 -0.642000 1 1 
863 22.273001 -13.574000 -0.630000 1 1 
864 22.187000 -13.095000 -0.620000 1 1 
865 22.042000 -12.593000 -0.608000 1 1 
866 22.191999 -12.220000 -0.606000 1 1 
867 22.096001 -11.763000 -0.597000 1 1 
868 22.000999 -11.315000 -0.587000 1 1 
869 21.937000 -10.850000 -0.579000 1 1 
870 15.271000 -7.277000 -0.337000 7 1 
871 22.028000 -10.130000 -0.572000 1 1 
872 21.993000 -9.698000 -0.565000 1 1 
873 21.922001 -9.299000 -0.558000 1 1 
874 21.527000 -8.774000 -0.540000 1 1 
875 21.445000 -8.388000 -0.533000 1 1 
876 18.552000 -6.886000 -0.429000 10 1 
877 18.688000 -6.604000 -0.430000 10 1 
878 18.802000 -6.347000 -0.431000 10 1 
879 21.148001 -6.810000 -0.507000 1 1 
880 21.080000 -6.425000 -0.501000 1 1 
881 20.854000 -6.035000 -0.490000 1 1 
882 20.642000 -5.658000 -0.481000 1 1 
883 20.712000 -5.364000 -0.480000 1 1 
884 20.639000 -5.000000 -0.475000 1 1 
885 20.584999 -4.679000 -0.471000 1 1 
886 20.497999 -4.288000 -0.466000 1 1 
887 20.447001 -3.977000 -0.462000 1 1 
888 20.385000 -3.633000 -0.458000 1 1 
889 20.316000 -3.325000 -0.455000 1 1 
890 20.368999 -3.039000 -0.455000 1 1 
891 20.452999 -2.724000 -0.456000 1 1 
892 20.532000 -2.439000 -0.457000 1 1 
893 20.228001 -2.113000 -0.447000 1 1 
894 20.684000 -1.866000 -0.460000 1 1 
895 20.764999 -1.545000 -0.462000 1 1 
896 20.902000 -1.259000 -0.466000 1 1 
897 21.297001 -0.981000 -0.478000 1 1 
898 21.723000 -0.660000 -0.491000 1 1 
899 22.160000 -0.360000 -0.505000 1 1 
900 22.621000 -0.048000 -0.520000 1 1 
901 23.343000 0.382000 -0.696000 1 1 
902 23.738001 0.762000 -0.712000 1 1 
903 24.073999 1.190000 -0.725000 1 1 
904 24.382000 1.551000 -0.738000 1 1 
905 24.718000 1.924000 -0.752000 1 1 
906 24.403000 2.285000 -0.741000 1 1 
907 24.728001 2.669000 -0.755000 1 1 
908 25.072001 3.066000 -0.770000 1 1 
909 25.431000 3.517000 -0.786000 1 1 
910 25.792999 3.939000 -0.802000 1 1 
911 21.823000 3.645000 -0.649000 2 1 
912 21.895000 3.977000 -0.654000 2 1 
913 27.336000 5.416000 -0.870000 3 1 
914 27.601999 5.876000 -0.884000 3 1 
915 12.522000 2.878000 -0.291000 11 1 
916 12.758000 3.251000 -0.304000 11 1 
917 12.533000 3.383000 -0.296000 11 1 
918 13.435000 3.879000 -0.335000 11 1 
919 12.403000 3.834000 -0.296000 11 1 
920 13.115000 4.260000 -0.328000 11 1 
921 11.673000 4.095000 -0.273000 11 1 
922 12.129000 4.493000 -0.295000 11 1 
923 13.627000 5.420000 -0.361000 11 1 
924 14.852000 6.209000 -0.417000 11 1 
925 7.647000 5.256000 -0.154000 4 1 
926 4.014000 -9.218000 -0.184000 16 1 
927 4.223000 -9.333000 -0.191000 16 1 
928 12.609000 -16.558001 -0.598000 14 1 
929 13.330000 -16.945000 -0.627000 14 1 
930 18.594000 -19.339001 -0.830000 5 1 
931 18.520000 -18.725000 -0.811000 5 1 
932 18.570999 -18.254000 -0.800000 5 1 
933 18.479000 -17.601999 -0.780000 5 1 
934 18.364000 -17.004000 -0.761000 5 1 
935 18.346001 -16.513000 -0.748000 5 1 
936 18.346001 -15.998000 -0.734000 5 1 
937 19.976999 -16.819000 -0.803000 1 1 
938 20.452000 -16.731001 -0.815000 1 1 
939 18.423000 -14.645000 -0.703000 5 1 
940 19.273001 -14.832000 -0.734000 5 0 
941 18.504999 -13.830000 -0.687000 5 1 
942 8.704000 -6.332000 -0.211000 15 1 
943 8.842000 -6.243000 -0.213000 15 1 
944 17.941999 -12.220000 -0.633000 1 1 
945 22.462000 -14.830000 -0.834000 1 1 
946 22.334000 -14.297000 -0.818000 1 1 
947 22.236000 -13.796000 -0.805000 1 1 
948 22.160000 -13.271000 -0.792000 1 1 
949 22.062000 -12.793000 -0.779000 1 1 
950 22.152000 -12.430000 -0.775000 1 1 
951 22.058001 -11.926000 -0.763000 1 1 
952 21.983000 -11.487000 -0.752000 1 1 
953 21.888000 -11.047000 -0.741000 1 1 
954 21.782000 -10.567000 -0.729000 1 1 
955 21.759001 -10.179000 -0.722000 1 1 
956 22.063999 -9.944000 -0.729000 1 1 
957 21.979000 -9.534000 -0.720000 1 1 
958 18.106001 -7.524000 -0.552000 10 1 
959 21.489000 -8.570000 -0.688000 1 1 
960 21.427999 -8.197000 -0.680000 1 1 
961 18.639000 -6.767000 -0.560000 10 1 
962 18.767000 -6.482000 -0.561000 10 1 
963 18.896999 -6.229000 -0.563000 10 1 
964 21.131001 -6.633000 -0.650000 1 1 
965 21.066999 -6.287000 -0.644000 1 1 
966 20.855000 -5.869000 -0.631000 1 1 
967 6.096000 -1.642000 -0.039000 17 1 
968 6.153000 -1.564000 -0.041000 17 1 
969 20.625999 -4.803000 -0.612000 1 1 
970 20.572001 -4.451000 -0.607000 1 1 
971 20.503000 -4.067000 -0.602000 1 1 
972 20.426001 -3.753000 -0.597000 1 1 
973 20.004000 -3.352000 -0.578000 1 1 
974 20.358999 -3.116000 -0.590000 1 1 
975 20.018999 -2.775000 -0.575000 1 1 
976 19.629999 -2.440000 -0.559000 1 1 
977 19.964001 -2.163000 -0.570000 1 1 
978 20.674999 -1.944000 -0.597000 1 1 
979 20.743999 -1.655000 -0.598000 1 1 
980 20.830999 -1.366000 -0.601000 1 1 
981 21.191999 -1.055000 -0.614000 1 1 
982 21.608000 -0.769000 -0.630000 1 1 
983 22.040001 -0.472000 -0.646000 1 1 
984 22.479000 -0.128000 -0.663000 1 1 
985 22.841000 0.189000 -0.812000 1 1 
986 23.295000 0.522000 -0.833000 1 1 
987 23.691000 0.903000 -0.851000 1 1 
988 24.055000 1.257000 -0.868000 1 1 
989 24.278999 1.613000 -0.879000 1 1 
990 24.638000 1.986000 -0.896000 1 1 
991 24.492001 2.362000 -0.891000 1 1 
992 24.830000 2.749000 -0.908000 1 1 
993 25.177000 3.148000 -0.925000 1 1 
994 25.530001 3.600000 -0.943000 1 1 
995 21.962000 3.418000 -0.785000 2 1 
996 21.802999 3.710000 -0.780000 2 1 
997 22.000000 4.064000 -0.791000 2 1 
998 27.441000 5.509000 -1.041000 3 1 
999 27.657000 5.960000 -1.055000 3 1 
1000 13.415000 3.349000 -0.411000 11 1 
1001 12.675000 3.378000 -0.380000 11 1 
1002 13.416000 3.823000 -0.417000 11 1 
1003 12.441000 3.781000 -0.375000 11 1 
1004 13.189000 4.211000 -0.412000 11 1 
1005 12.190000 4.170000 -0.369000 11 1 
1006 12.857000 4.922000 -0.409000 11 1 
1007 14.374000 5.838000 -0.486000 11 1 
1008 14.263000 6.135000 -0.487000 11 1 
1009 7.723000 5.307000 -0.213000 4 1 
1010 4.006000 -9.211000 -0.243000 16 1 
1011 4.224000 -9.310000 -0.251000 16 1 
1012 12.208000 -17.236000 -0.736000 14 1 
1013 12.244000 -16.722000 -0.718000 14 1 
1014 13.042000 -16.905001 -0.746000 14 1 
1015 13.444000 -16.872000 -0.756000 14 0 
1016 18.693001 -19.834000 -1.009000 5 1 
1017 18.584000 -18.987000 -0.978000 5 1 
1018 18.547001 -18.421000 -0.959000 5 1 
1019 18.393999 -17.646999 -0.930000 5 1 
1020 18.187000 -16.959999 -0.902000 5 1 
1021 18.384001 -16.612000 -0.898000 5 1 
1022 18.142000 -15.932000 -0.870000 5 1 
1023 18.285999 -15.606000 -0.866000 5 1 
1024 18.247999 -15.133000 -0.851000 5 1 
1025 18.052999 -14.497000 -0.826000 5 1 
1026 18.017000 -14.054000 -0.813000 5 1 
1027 17.863001 -13.532000 -0.793000 5 1 
1028 8.691000 -6.333000 -0.275000 15 1 
1029 8.835000 -6.228000 -0.277000 15 1 
1030 17.816999 -12.219000 -0.757000 1 1 
1031 17.907000 -11.912000 -0.753000 1 1 
1032 17.702999 -11.417000 -0.733000 1 1 
1033 18.100000 -11.276000 -0.745000 1 1 
1034 18.504000 -11.168000 -0.758000 1 1 
1035 18.919001 -11.056000 -0.771000 1 1 
1036 19.393000 -10.929000 -0.786000 1 1 
1037 19.801001 -10.794000 -0.799000 1 1 
1038 20.497999 -10.801000 -0.827000 1 1 
1039 20.898001 -10.596000 -0.839000 1 1 
1040 21.518999 -10.532000 -0.862000 1 1 
1041 21.726999 -10.256000 -0.865000 1 1 
1042 17.964001 -8.166000 -0.674000 10 1 
1043 20.091000 -8.721000 -0.771000 1 1 
1044 20.641001 -8.577000 -0.791000 1 1 
1045 21.007000 -8.383000 -0.802000 1 1 
1046 21.309999 -8.157000 -0.811000 1 1 
1047 18.617001 -6.789000 -0.678000 10 1 
1048 18.745001 -6.537000 -0.679000 10 1 
1049 18.858999 -6.279000 -0.680000 10 1 
1050 21.042000 -6.644000 -0.778000 1 1 
1051 20.813000 -6.249000 -0.763000 1 1 
1052 6.048000 -1.704000 -0.076000 17 1 
1053 6.056000 -1.614000 -0.075000 17 1 
1054 6.174000 -1.542000 -0.079000 17 1 
1055 20.556999 -4.822000 -0.736000 1 1 
1056 19.806000 -4.350000 -0.698000 1 1 
1057 20.422001 -4.118000 -0.723000 1 1 
1058 20.392000 -3.779000 -0.719000 1 1 
1059 19.753000 -3.372000 -0.688000 1 1 
1060 19.690001 -3.075000 -0.683000 1 1 
1061 19.721001 -2.795000 -0.682000 1 1 
1062 19.684999 -2.475000 -0.679000 1 1 
1063 19.830000 -2.209000 -0.684000 1 1 
1064 20.634001 -2.005000 -0.718000 1 1 
1065 20.718000 -1.718000 -0.721000 1 1 
1066 20.801001 -1.396000 -0.724000 1 1 
1067 21.084000 -1.116000 -0.735000 1 1 
1068 21.457001 -0.832000 -0.751000 1 1 
1069 21.858999 -0.505000 -0.769000 1 1 
1070 22.268999 -0.200000 -0.787000 1 1 
1071 18.004000 0.042000 -0.701000 13 1 
1072 23.072001 0.423000 -0.955000 1 1 
1073 23.277000 0.757000 -0.966000 1 1 
1074 23.711000 1.107000 -0.988000 1 1 
1075 23.892000 1.492000 -0.999000 1 1 
1076 24.582001 1.885000 -1.034000 1 1 
1077 24.386000 2.217000 -1.026000 1 1 
1078 24.658001 2.594000 -1.041000 1 1 
1079 25.007000 3.029000 -1.061000 1 1 
1080 25.357000 3.436000 -1.081000 1 1 
1081 25.735001 3.859000 -1.103000 1 1 
1082 21.742001 3.606000 -0.903000 2 1 
1083 21.809000 3.935000 -0.909000 2 1 
1084 27.273001 5.327000 -1.192000 3 1 
1085 27.521000 5.781000 -1.208000 3 1 
1086 12.442000 2.845000 -0.437000 11 1 
1087 12.705000 3.244000 -0.455000 11 1 
1088 12.589000 3.425000 -0.452000 11 1 
1089 12.459000 3.580000 -0.448000 11 1 
1090 12.044000 3.686000 -0.429000 11 1 
1091 12.139000 3.904000 -0.437000 11 1 
1092 12.159000 4.123000 -0.441000 11 1 
1093 11.795000 4.269000 -0.426000 11 1 
1094 13.220000 5.216000 -0.510000 11 1 
1095 7.635000 5.217000 -0.261000 4 1 
1096 13.029000 9.199000 -0.597000 9 1 
1097 4.055000 -9.220000 -0.302000 16 1 
1098 12.123000 -15.500000 -0.785000 18 1 
1099 12.925000 -15.299000 -0.802000 18 1 
1100 18.525999 -18.774000 -1.121000 5 1 
1101 18.629999 -18.353001 -1.110000 5 1 
1102 20.000000 -19.150999 -1.187000 5 1 
1103 18.221001 -16.964001 -1.047000 5 1 
1104 18.367001 -16.413000 -1.033000 5 1 
1105 18.033001 -15.613000 -0.994000 5 1 
1106 18.266001 -15.368000 -0.995000 5 1 
1107 17.959999 -14.683000 -0.961000 5 1 
1108 17.976000 -14.232000 -0.948000 5 1 
1109 18.055000 -13.884000 -0.940000 5 1 
1110 17.820000 -13.308000 -0.913000 5 1 
1111 8.672000 -6.304000 -0.335000 15 1 
1112 8.734000 -6.142000 -0.333000 15 1 
1113 17.874001 -12.163000 -0.882000 1 1 
1114 17.726999 -11.700000 -0.863000 1 1 
1115 17.725000 -11.303000 -0.852000 1 1 
1116 18.009001 -11.129000 -0.860000 1 1 
1117 18.591999 -11.128000 -0.885000 1 1 
1118 18.937000 -10.974000 -0.896000 1 1 
1119 19.662001 -10.985000 -0.927000 1 1 
1120 20.035999 -10.824000 -0.940000 1 1 
1121 17.694000 -9.242000 -0.799000 10 1 
1122 17.792000 -8.975000 -0.797000 10 1 
1123 18.055000 -8.755000 -0.804000 10 1 
1124 18.049999 -8.302000 -0.794000 10 1 
1125 18.261000 -8.088000 -0.799000 10 1 
1126 18.188000 -7.750000 -0.789000 10 1 
1127 20.764999 -8.462000 -0.922000 1 1 
1128 21.318001 -8.337000 -0.946000 1 1 
1129 18.632999 -6.988000 -0.796000 10 1 
1130 19.316000 -6.900000 -0.826000 10 1 
1131 21.117001 -7.206000 -0.917000 1 1 
1132 18.912001 -6.159000 -0.795000 10 1 
1133 20.962999 -6.498000 -0.899000 1 1 
1134 20.708000 -6.065000 -0.880000 1 1 
1135 5.997000 -1.684000 -0.109000 17 1 
1136 6.003000 -1.594000 -0.109000 17 1 
1137 6.122000 -1.523000 -0.113000 17 1 
1138 20.468000 -4.656000 -0.851000 1 1 
1139 20.565001 -4.373000 -0.852000 1 1 
1140 20.330999 -3.958000 -0.837000 1 1 
1141 20.259001 -3.648000 -0.830000 1 1 
1142 19.620001 -3.216000 -0.795000 1 1 
1143 19.672001 -2.940000 -0.795000 1 1 
1144 19.691000 -2.659000 -0.794000 1 1 
1145 19.662001 -2.372000 -0.791000 1 1 
1146 19.895000 -2.084000 -0.801000 1 1 
1147 20.549000 -1.858000 -0.833000 1 1 
1148 20.627001 -1.571000 -0.835000 1 1 
1149 20.721001 -1.251000 -0.839000 1 1 
1150 21.104000 -0.975000 -0.857000 1 1 
1151 21.514999 -0.689000 -0.877000 1 1 
1152 21.941999 -0.392000 -0.898000 1 1 
1153 22.415001 -0.047000 -0.922000 1 1 
1154 22.943001 0.296000 -1.094000 1 1 
1155 23.148001 0.626000 -1.106000 1 1 
1156 23.143000 0.990000 -1.107000 1 1 
1157 24.176001 1.376000 -1.166000 1 1 
1158 24.333000 1.730000 -1.176000 1 1 
1159 24.444000 2.124000 -1.184000 1 1 
1160 24.603001 2.488000 -1.195000 1 1 
1161 24.948000 2.880000 -1.217000 1 1 
1162 25.290001 3.322000 -1.239000 1 1 
1163 25.653000 3.739000 -1.263000 1 1 
1164 21.760000 3.490000 -1.043000 2 1 
1165 21.777000 3.880000 -1.048000 2 1 
1166 12.340000 2.816000 -0.513000 11 1 
1167 12.233000 2.974000 -0.509000 11 1 
1168 12.132000 3.132000 -0.506000 11 1 
1169 12.029000 3.308000 -0.503000 11 1 
1170 11.905000 3.496000 -0.499000 11 1 
1171 11.816000 3.652000 -0.496000 11 1 
1172 11.720000 3.805000 -0.494000 11 1 
1173 11.638000 3.981000 -0.493000 11 1 
1174 11.584000 4.147000 -0.493000 11 1 
1175 12.089000 4.520000 -0.527000 11 1 
1176 12.905000 5.055000 -0.581000 11 1 
1177 13.999000 5.711000 -0.652000 11 1 
1178 12.832000 8.945000 -0.682000 9 1 
1179 4.006000 -9.212000 -0.365000 16 1 
1180 4.096000 -9.065000 -0.360000 16 1 
1181 12.327000 -18.061001 -1.033000 14 1 
1182 18.677000 -18.905001 -1.300000 5 1 
1183 18.813000 -18.511999 -1.289000 5 1 
1184 18.844999 -18.025999 -1.272000 5 1 
1185 18.257999 -16.922001 -1.205000 5 1 
1186 18.068001 -16.277000 -1.172000 5 1 
1187 18.270000 -15.996000 -1.170000 5 1 
1188 18.122000 -15.419000 -1.142000 5 1 
1189 18.070999 -14.797000 -1.118000 5 1 
1190 17.780001 -14.143000 -1.082000 5 1 
1191 17.936001 -13.857000 -1.079000 5 1 
1192 17.813999 -13.364000 -1.056000 5 1 
1193 8.651000 -6.264000 -0.401000 15 1 
1194 8.708000 -6.119000 -0.399000 15 1 
1195 17.749001 -12.133000 -1.013000 1 1 
1196 17.627001 -11.687000 -0.993000 1 1 
1197 17.711000 -11.346000 -0.986000 1 1 
1198 18.084999 -11.229000 -1.001000 1 1 
1199 18.478001 -11.114000 -1.016000 1 1 
1200 18.924999 -10.982000 -1.034000 1 1 
1201 20.124001 -11.302000 -1.102000 1 1 
1202 20.028999 -10.879000 -1.086000 1 1 
1203 17.605000 -9.239000 -0.921000 10 1 
1204 17.864000 -9.020000 -0.929000 10 1 
1205 17.851000 -8.699000 -0.920000 10 1 
1206 17.965000 -8.442000 -0.919000 10 1 
1207 18.037001 -8.133000 -0.916000 10 1 
1208 18.235001 -7.913000 -0.921000 10 1 
1209 18.389000 -7.673000 -0.924000 10 1 
1210 18.320000 -7.309000 -0.912000 10 1 
1211 18.618999 -7.125000 -0.924000 10 1 
1212 19.264999 -7.062000 -0.957000 10 1 
1213 18.971001 -6.651000 -0.934000 10 1 
1214 18.768000 -6.251000 -0.916000 10 1 
1215 19.348000 -6.142000 -0.945000 10 1 
1216 19.813000 -5.983000 -0.967000 10 1 
1217 5.940000 -1.674000 -0.146000 17 1 
1218 5.985000 -1.595000 -0.147000 17 1 
1219 6.069000 -1.526000 -0.151000 17 1 
1220 20.235001 -4.781000 -0.973000 1 1 
1221 19.628000 -4.345000 -0.934000 1 1 
1222 19.698999 -3.972000 -0.933000 1 1 
1223 20.295000 -3.795000 -0.964000 1 1 
1224 19.643999 -3.386000 -0.924000 1 1 
1225 19.629000 -3.098000 -0.921000 1 1 
1226 19.722000 -2.796000 -0.923000 1 1 
1227 19.733999 -2.514000 -0.922000 1 1 
1228 19.724001 -2.230000 -0.919000 1 1 
1229 20.083000 -1.952000 -0.938000 1 1 
1230 20.612000 -1.710000 -0.966000 1 1 
1231 20.677999 -1.422000 -0.969000 1 1 
1232 20.895000 -1.140000 -0.980000 1 1 
1233 21.320999 -0.828000 -1.004000 1 1 
1234 21.940001 -0.543000 -1.038000 1 1 
1235 22.327000 -0.237000 -1.060000 1 1 
1236 18.018000 0.127000 -0.912000 13 1 
1237 23.231001 0.499000 -1.235000 1 1 
1238 23.500999 0.838000 -1.252000 1 1 
1239 23.205000 1.192000 -1.235000 1 1 
1240 24.063999 1.921000 -1.291000 1 1 
1241 21.861000 3.380000 -1.166000 2 1 
1242 22.186001 3.752000 -1.189000 2 1 
1243 21.790001 4.002000 -1.168000 2 1 
1244 19.122000 4.103000 -1.007000 -1 -1 
1245 12.371000 2.828000 -0.582000 11 1 
1246 12.268000 2.988000 -0.578000 11 1 
1247 12.144000 3.160000 -0.574000 11 1 
1248 12.044000 3.317000 -0.570000 11 1 
1249 11.941000 3.470000 -0.567000 11 1 
1250 11.864000 3.651000 -0.565000 11 1 
1251 11.771000 3.805000 -0.563000 11 1 
1252 11.680000 3.959000 -0.560000 11 1 
1253 11.599000 4.115000 -0.559000 11 1 
1254 11.912000 4.439000 -0.584000 11 1 
1255 12.707000 4.943000 -0.641000 11 1 
1256 13.749000 5.576000 -0.715000 11 1 
1257 7.613000 5.114000 -0.365000 4 1 
1258 12.812000 8.954000 -0.764000 9 1 
1259 4.071000 -9.065000 -0.412000 16 1 
1260 12.360000 -18.146999 -1.156000 14 1 
1261 12.200000 -15.201000 -1.003000 18 1 
1262 18.118000 -15.938000 -1.290000 5 1 
1263 18.261000 -15.611000 -1.283000 5 1 
1264 17.993999 -14.949000 -1.244000 5 1 
1265 17.802000 -14.323000 -1.211000 5 1 
1266 18.084999 -14.134000 -1.217000 5 1 
1267 18.030001 -13.685000 -1.198000 5 1 
1268 8.681000 -6.415000 -0.465000 15 1 
1269 8.691000 -6.214000 -0.458000 15 1 
1270 8.847000 -6.138000 -0.464000 15 1 
1271 17.784000 -11.939000 -1.122000 1 1 
1272 17.671000 -11.465000 -1.100000 1 1 
1273 17.770000 -11.176000 -1.096000 1 1 
1274 18.313999 -11.159000 -1.124000 1 1 
1275 18.775999 -11.079000 -1.146000 1 1 
1276 19.257999 -10.959000 -1.168000 1 1 
1277 19.893000 -10.950000 -1.202000 1 1 
1278 17.653999 -9.398000 -1.035000 10 1 
1279 17.716000 -9.112000 -1.030000 10 1 
1280 17.910999 -8.860000 -1.033000 10 1 
1281 15.110000 -7.215000 -0.833000 7 1 
1282 17.938000 -8.251000 -1.019000 10 1 
1283 18.214001 -8.033000 -1.029000 10 1 
1284 18.348000 -7.784000 -1.030000 10 1 
1285 18.249001 -7.440000 -1.016000 10 1 
1286 18.440001 -7.182000 -1.021000 10 1 
1287 18.590000 -6.939000 -1.025000 10 1 
1288 18.882000 -6.745000 -1.038000 10 1 
1289 18.922001 -6.460000 -1.034000 10 1 
1290 18.987000 -6.151000 -1.032000 10 1 
1291 19.171000 -5.912000 -1.038000 10 1 
1292 19.228001 -5.633000 -1.037000 10 1 
1293 5.999000 -1.684000 -0.183000 17 1 
1294 6.034000 -1.592000 -0.183000 17 1 
1295 6.124000 -1.523000 -0.188000 17 1 
1296 20.601000 -4.754000 -1.105000 1 1 
1297 20.410999 -4.307000 -1.088000 1 1 
1298 20.354000 -3.996000 -1.080000 1 1 
1299 20.302999 -3.688000 -1.074000 1 1 
1300 19.646000 -3.284000 -1.029000 1 1 
1301 19.701000 -2.976000 -1.030000 1 1 
1302 19.733000 -2.696000 -1.029000 1 1 
1303 19.791000 -2.419000 -1.031000 1 1 
1304 19.841000 -2.110000 -1.032000 1 1 
1305 20.566000 -1.892000 -1.075000 1 1 
1306 20.663000 -1.607000 -1.079000 1 1 
1307 20.726999 -1.317000 -1.082000 1 1 
1308 21.063999 -1.006000 -1.102000 1 1 
1309 21.471001 -0.721000 -1.126000 1 1 
1310 22.156000 -0.430000 -1.168000 1 1 
1311 22.375000 -0.118000 -1.181000 1 1 
1312 12.344000 2.816000 -0.669000 11 1 
1313 12.220000 2.991000 -0.663000 11 1 
1314 12.125000 3.150000 -0.660000 11 1 
1315 12.013000 3.303000 -0.655000 11 1 
1316 11.904000 3.476000 -0.651000 11 1 
1317 11.818000 3.632000 -0.649000 11 1 
1318 11.725000 3.786000 -0.646000 11 1 
1319 11.639000 3.941000 -0.643000 11 1 
1320 11.568000 4.121000 -0.643000 11 1 
1321 11.825000 4.401000 -0.666000 11 1 
1322 12.610000 4.895000 -0.729000 11 1 
1323 13.575000 5.514000 -0.806000 11 1 
1324 7.590000 4.772000 -0.415000 4 1 
1325 7.449000 5.051000 -0.417000 4 1 
1326 12.785000 8.973000 -0.873000 9 1 
1327 4.025000 -9.020000 -0.477000 16 1 
1328 4.188000 -9.040000 -0.483000 16 1 
1329 12.300000 -18.021999 -1.299000 14 1 
1330 12.021000 -15.836000 -1.166000 18 1 
1331 12.025000 -14.944000 -1.118000 18 1 
1332 12.409000 -14.887000 -1.131000 18 1 
1333 12.744000 -14.810000 -1.142000 18 1 
1334 8.647000 -6.261000 -0.532000 15 1 
1335 8.704000 -6.095000 -0.529000 15 1 
1336 17.729000 -12.078000 -1.274000 1 1 
1337 17.736000 -11.719000 -1.261000 1 1 
1338 17.843000 -11.431000 -1.256000 1 1 
1339 18.122000 -11.212000 -1.264000 1 1 
1340 18.542000 -11.113000 -1.285000 1 1 
1341 17.414000 -9.419000 -1.160000 10 1 
1342 17.601999 -9.202000 -1.164000 10 1 
1343 17.753000 -8.964000 -1.166000 10 1 
1344 17.965000 -8.720000 -1.172000 10 1 
1345 17.986000 -8.417000 -1.164000 10 1 
1346 17.945000 -8.091000 -1.152000 10 1 
1347 18.297001 -7.906000 -1.169000 10 1 
1348 18.188999 -7.556000 -1.153000 10 1 
1349 18.452999 -7.362000 -1.165000 10 1 
1350 18.347000 -7.020000 -1.149000 10 1 
1351 18.742001 -6.836000 -1.170000 10 1 
1352 18.780001 -6.551000 -1.166000 10 1 
1353 18.931000 -6.305000 -1.171000 10 1 
1354 19.062000 -6.051000 -1.174000 10 1 
1355 5.911000 -1.756000 -0.222000 17 1 
1356 5.881000 -1.657000 -0.218000 17 1 
1357 5.899000 -1.572000 -0.218000 17 1 
1358 5.957000 -1.488000 -0.220000 17 1 
1359 19.511999 -4.577000 -1.177000 1 1 
1360 19.658001 -4.319000 -1.183000 1 1 
1361 19.757999 -4.049000 -1.186000 1 1 
1362 20.312000 -3.831000 -1.220000 1 1 
1363 19.646000 -3.418000 -1.170000 1 1 
1364 19.579000 -3.122000 -1.162000 1 1 
1365 19.681999 -2.822000 -1.166000 1 1 
1366 19.750000 -2.547000 -1.168000 1 1 
1367 19.808001 -2.271000 -1.170000 1 1 
1368 19.865999 -1.993000 -1.172000 1 1 
1369 20.591999 -1.741000 -1.220000 1 1 
1370 20.671000 -1.454000 -1.224000 1 1 
1371 20.834999 -1.170000 -1.234000 1 1 
1372 21.246000 -0.892000 -1.261000 1 1 
1373 12.431000 2.800000 -0.737000 11 1 
1374 12.301000 2.954000 -0.731000 11 1 
1375 12.190000 3.110000 -0.725000 11 1 
1376 12.080000 3.285000 -0.721000 11 1 
1377 11.983000 3.441000 -0.717000 11 1 
1378 11.889000 3.596000 -0.714000 11 1 
1379 11.797000 3.751000 -0.711000 11 1 
1380 11.707000 3.926000 -0.708000 11 1 
1381 11.624000 4.082000 -0.706000 11 1 
1382 11.707000 4.298000 -0.717000 11 1 
1383 12.434000 4.790000 -0.780000 11 1 
1384 13.401000 5.383000 -0.863000 11 1 
1385 14.754000 6.174000 -0.977000 11 1 
1386 7.595000 4.778000 -0.460000 4 1 
1387 7.380000 4.789000 -0.447000 4 1 
1388 7.536000 5.113000 -0.469000 4 1 
1389 12.757000 8.974000 -0.948000 9 1 
1390 7.600000 9.364000 -0.687000 19 1 
1391 7.575000 9.609000 -0.700000 19 1 
1392 4.053000 -9.065000 -0.530000 16 1 
1393 11.950000 -15.533000 -1.243000 18 1 
1394 12.093000 -14.927000 -1.214000 18 1 
1395 12.498000 -14.799000 -1.226000 18 1 
1396 12.904000 -14.800000 -1.245000 18 1 
1397 8.719000 -6.444000 -0.597000 15 1 
1398 8.726000 -6.261000 -0.590000 15 1 
1399 8.783000 -6.115000 -0.587000 15 1 
1400 17.701000 -9.426000 -1.276000 10 1 
1401 17.815001 -9.165000 -1.275000 10 1 
1402 17.954000 -8.918000 -1.276000 10 1 
1403 15.145000 -7.233000 -1.035000 7 1 
1404 17.973000 -8.269000 -1.256000 10 1 
1405 18.084000 -8.012000 -1.256000 10 1 
1406 18.268999 -7.787000 -1.262000 10 1 
1407 18.466999 -7.530000 -1.268000 10 1 
1408 18.794001 -7.356000 -1.286000 10 1 
1409 18.683001 -7.010000 -1.269000 10 1 
1410 18.872999 -6.778000 -1.276000 10 1 
1411 19.020000 -6.495000 -1.280000 10 1 
1412 19.089001 -6.219000 -1.278000 10 1 
1413 19.089001 -5.922000 -1.271000 10 1 
1414 5.887000 -1.744000 -0.251000 17 1 
1415 5.900000 -1.658000 -0.250000 17 1 
1416 5.952000 -1.582000 -0.252000 17 1 
1417 5.981000 -1.499000 -0.253000 17 1 
1418 19.766001 -4.499000 -1.292000 1 1 
1419 19.723000 -3.299000 -1.272000 1 1 
1420 19.669001 -3.005000 -1.265000 1 1 
1421 19.768999 -2.734000 -1.269000 1 1 
1422 19.819000 -2.425000 -1.270000 1 1 
1423 19.881001 -2.147000 -1.272000 1 1 
1424 20.049000 -1.879000 -1.282000 1 1 
1425 18.044001 3.096000 -1.268000 -1 -1 
1426 12.261000 2.895000 -0.810000 11 1 
1427 12.160000 3.073000 -0.805000 11 1 
1428 12.046000 3.226000 -0.799000 11 1 
1429 12.131000 3.434000 -0.810000 11 1 
1430 11.845000 3.575000 -0.791000 11 1 
1431 11.728000 3.742000 -0.786000 11 1 
1432 11.650000 3.899000 -0.784000 11 1 
1433 11.569000 4.055000 -0.782000 11 1 
1434 11.620000 4.279000 -0.792000 11 1 
1435 12.329000 4.737000 -0.858000 11 1 
1436 13.337000 5.340000 -0.951000 11 1 
1437 14.825000 6.231000 -1.089000 11 1 
1438 7.525000 4.778000 -0.514000 4 1 
1439 7.284000 4.755000 -0.497000 4 1 
1440 7.499000 5.115000 -0.527000 4 1 
1441 12.807000 8.981000 -1.054000 9 1 
1442 4.068000 -8.937000 -0.587000 16 1 
1443 8.689000 -6.464000 -0.668000 15 1 
1444 8.651000 -6.226000 -0.654000 15 1 
1445 8.718000 -6.090000 -0.652000 15 1 
1446 5.829000 -1.793000 -0.288000 17 1 
1447 5.776000 -1.688000 -0.281000 17 1 
1448 5.807000 -1.608000 -0.282000 17 1 
1449 5.866000 -1.526000 -0.285000 17 1 
1450 5.916000 -1.450000 -0.287000 17 1 
1451 12.328000 2.831000 -0.886000 11 1 
1452 12.202000 2.984000 -0.879000 11 1 
1453 12.104000 3.142000 -0.874000 11 1 
1454 11.996000 3.316000 -0.869000 11 1 
1455 11.900000 3.471000 -0.865000 11 1 
1456 11.806000 3.626000 -0.861000 11 1 
1457 11.712000 3.799000 -0.857000 11 1 
1458 11.623000 3.952000 -0.854000 11 1 
1459 11.549000 4.110000 -0.853000 11 1 
1460 11.820000 4.397000 -0.883000 11 1 
1461 12.594000 4.913000 -0.961000 11 1 
1462 13.583000 5.524000 -1.060000 11 1 
1463 7.543000 4.756000 -0.565000 4 1 
1464 7.409000 4.836000 -0.559000 4 1 
1465 7.504000 5.052000 -0.577000 4 1 
1466 12.776000 8.948000 -1.140000 9 1 
1467 7.580000 9.036000 -0.813000 19 1 
1468 7.558000 9.302000 -0.829000 19 1 
1469 7.540000 9.554000 -0.845000 19 1 
1470 7.534000 9.829000 -0.864000 19 1 
1471 4.213000 -9.088000 -0.660000 16 1 
1472 8.638000 -6.370000 -0.722000 15 1 
1473 8.672000 -6.208000 -0.716000 15 1 
1474 8.771000 -6.073000 -0.716000 15 1 
1475 15.081000 -7.183000 -1.235000 7 1 
1476 5.834000 -1.792000 -0.324000 17 1 
1477 5.788000 -1.689000 -0.317000 17 1 
1478 5.817000 -1.608000 -0.318000 17 1 
1479 5.849000 -1.528000 -0.319000 17 1 
1480 5.948000 -1.454000 -0.325000 17 1 
1481 12.301000 2.735000 -0.957000 11 1 
1482 12.216000 2.918000 -0.953000 11 1 
1483 12.104000 3.073000 -0.947000 11 1 
1484 12.029000 3.236000 -0.944000 11 1 
1485 11.928000 3.411000 -0.939000 11 1 
1486 11.837000 3.567000 -0.935000 11 1 
1487 11.707000 3.709000 -0.928000 11 1 
1488 11.637000 3.869000 -0.926000 11 1 
1489 11.496000 4.023000 -0.918000 11 1 
1490 11.468000 4.196000 -0.921000 11 1 
1491 12.174000 4.649000 -0.997000 11 1 
1492 13.132000 5.251000 -1.099000 11 1 
1493 14.371000 5.980000 -1.230000 11 1 
1494 7.596000 4.784000 -0.624000 4 1 
1495 7.489000 4.866000 -0.620000 4 1 
1496 7.476000 5.009000 -0.626000 4 1 
1497 7.477000 5.181000 -0.635000 4 1 
1498 7.625000 8.770000 -0.867000 19 1 
1499 7.595000 9.017000 -0.883000 19 1 
1500 7.575000 9.256000 -0.898000 19 1 
1501 7.555000 9.502000 -0.915000 19 1 
1502 7.522000 9.771000 -0.932000 19 1 
1503 4.183000 -9.088000 -0.719000 16 1 
1504 8.649000 -6.440000 -0.790000 15 1 
1505 8.610000 -6.224000 -0.776000 15 1 
1506 8.761000 -6.146000 -0.783000 15 1 
1507 8.797000 -5.988000 -0.777000 15 1 
1508 5.746000 -1.800000 -0.353000 17 1 
1509 5.722000 -1.694000 -0.348000 17 1 
1510 5.722000 -1.607000 -0.345000 17 1 
1511 5.771000 -1.533000 -0.348000 17 1 
1512 5.877000 -1.473000 -0.356000 17 1 
1513 5.964000 -1.395000 -0.362000 17 1 
1514 12.316000 2.816000 -1.041000 11 1 
1515 12.210000 2.973000 -1.034000 11 1 
1516 12.095000 3.127000 -1.027000 11 1 
1517 11.985000 3.300000 -1.021000 11 1 
1518 11.853000 3.445000 -1.012000 11 1 
1519 11.754000 3.597000 -1.007000 11 1 
1520 11.717000 3.788000 -1.009000 11 1 
1521 11.617000 3.937000 -1.004000 11 1 
1522 11.543000 4.095000 -1.003000 11 1 
1523 11.734000 4.351000 -1.029000 11 1 
1524 12.546000 4.880000 -1.122000 11 1 
1525 13.667000 5.542000 -1.248000 11 1 
1526 7.469000 4.732000 -0.668000 4 1 
1527 7.290000 4.764000 -0.655000 4 1 
1528 7.461000 5.046000 -0.684000 4 1 
1529 7.453000 5.196000 -0.692000 4 1 
1530 7.608000 8.795000 -0.942000 19 1 
1531 7.587000 9.025000 -0.958000 19 1 
1532 7.576000 9.277000 -0.976000 19 1 
1533 7.537000 9.530000 -0.993000 19 1 
1534 7.520000 9.791000 -1.012000 19 1 
1535 4.121000 -9.062000 -0.777000 16 1 
1536 8.623000 -6.520000 -0.862000 15 1 
1537 8.570000 -6.292000 -0.844000 15 1 
1538 8.674000 -6.182000 -0.846000 15 1 
1539 8.960000 -5.949000 -0.856000 15 1 
1540 5.708000 -1.730000 -0.385000 17 1 
1541 5.682000 -1.635000 -0.380000 17 1 
1542 5.730000 -1.552000 -0.383000 17 1 
1543 5.852000 -1.477000 -0.392000 17 1 
1544 5.977000 -1.418000 -0.403000 17 1 
1545 12.233000 2.791000 -1.109000 11 1 
1546 12.186000 3.003000 -1.110000 11 1 
1547 12.082000 3.179000 -1.104000 11 1 
1548 11.974000 3.333000 -1.097000 11 1 
1549 11.882000 3.489000 -1.092000 11 1 
1550 11.780000 3.661000 -1.087000 11 1 
1551 11.693000 3.816000 -1.084000 11 1 
1552 11.570000 3.958000 -1.076000 11 1 
1553 11.483000 4.111000 -1.073000 11 1 
1554 12.463000 4.703000 -1.190000 11 1 
1555 12.971000 5.128000 -1.256000 11 1 
1556 7.687000 4.765000 -0.744000 4 1 
1557 7.358000 4.708000 -0.712000 4 1 
1558 7.439000 5.112000 -0.742000 4 1 
1559 7.608000 8.654000 -1.002000 19 1 
1560 7.604000 8.900000 -1.022000 19 1 
1561 7.587000 9.138000 -1.039000 19 1 
1562 7.544000 9.352000 -1.054000 19 1 
1563 7.534000 9.645000 -1.077000 19 1 
1564 7.515000 9.905000 -1.098000 19 1 
1565 4.121000 -9.047000 -0.837000 16 1 
1566 8.599000 -6.498000 -0.925000 15 1 
1567 8.577000 -6.251000 -0.908000 15 1 
1568 8.684000 -6.143000 -0.910000 15 1 
1569 5.706000 -1.812000 -0.425000 17 1 
1570 5.703000 -1.713000 -0.421000 17 1 
1571 5.698000 -1.624000 -0.418000 17 1 
1572 5.732000 -1.546000 -0.419000 17 1 
1573 5.894000 -1.501000 -0.435000 17 1 
1574 5.973000 -1.422000 -0.441000 17 1 
1575 12.275000 2.984000 -1.201000 11 1 
1576 12.139000 3.134000 -1.191000 11 1 
1577 12.061000 3.296000 -1.187000 11 1 
1578 11.938000 3.444000 -1.178000 11 1 
1579 11.854000 3.623000 -1.175000 11 1 
1580 11.757000 3.775000 -1.170000 11 1 
1581 11.681000 3.934000 -1.167000 11 1 
1582 11.776000 4.194000 -1.187000 11 1 
1583 11.787000 4.408000 -1.196000 11 1 
1584 7.717000 4.785000 -0.807000 4 1 
1585 7.393000 4.729000 -0.774000 4 1 
1586 7.483000 5.108000 -0.805000 4 1 
1587 7.671000 8.694000 -1.086000 19 1 
1588 7.641000 8.910000 -1.102000 19 1 
1589 7.621000 9.146000 -1.121000 19 1 
1590 7.569000 9.381000 -1.137000 19 1 
1591 7.564000 9.651000 -1.160000 19 1 
1592 7.547000 9.916000 -1.182000 19 1 
1593 4.009000 -9.051000 -0.898000 16 1 
1594 4.166000 -9.056000 -0.906000 16 1 
1595 8.706000 -6.523000 -1.007000 15 1 
1596 8.640000 -6.203000 -0.980000 15 1 
1597 8.840000 -6.159000 -0.995000 15 1 
1598 5.687000 -1.766000 -0.461000 17 1 
1599 5.758000 -1.698000 -0.466000 17 1 
1600 5.816000 -1.617000 -0.470000 17 1 
1601 5.856000 -1.539000 -0.472000 17 1 
1602 6.049000 -1.498000 -0.491000 17 1 
1603 6.079000 -1.414000 -0.492000 17 1 
1604 12.257000 2.930000 -1.275000 11 1 
1605 12.152000 3.087000 -1.268000 11 1 
1606 12.037000 3.260000 -1.260000 11 1 
1607 11.954000 3.419000 -1.256000 11 1 
1608 11.843000 3.570000 -1.248000 11 1 
1609 11.765000 3.729000 -1.245000 11 1 
1610 11.671000 3.902000 -1.241000 11 1 
1611 11.489000 4.023000 -1.225000 11 1 
1612 11.536000 4.223000 -1.238000 11 1 
1613 7.759000 4.786000 -0.867000 4 1 
1614 7.406000 4.731000 -0.829000 4 1 
1615 7.476000 5.079000 -0.858000 4 1 
1616 7.633000 8.865000 -1.170000 19 1 
1617 7.610000 9.095000 -1.189000 19 1 
1618 7.589000 9.334000 -1.209000 19 1 
1619 7.572000 9.587000 -1.230000 19 1 
1620 7.528000 9.845000 -1.251000 19 1 
1621 4.254000 -9.280000 -0.995000 16 1 
1622 8.582000 -6.623000 -1.069000 15 1 
1623 8.590000 -6.311000 -1.048000 15 1 
1624 8.681000 -6.192000 -1.049000 15 1 
1625 5.705000 -1.836000 -0.502000 17 1 
1626 5.694000 -1.744000 -0.498000 17 1 
1627 5.702000 -1.648000 -0.495000 17 1 
1628 5.732000 -1.570000 -0.496000 17 1 
1629 5.825000 -1.507000 -0.505000 17 1 
1630 6.037000 -1.472000 -0.528000 17 1 
1631 6.084000 -1.383000 -0.531000 17 1 
1632 11.555000 3.950000 -1.300000 11 1 
1633 11.492000 4.131000 -1.300000 11 1 
1634 7.450000 4.731000 -0.884000 4 1 
1635 7.190000 4.709000 -0.856000 4 1 
1636 7.484000 5.090000 -0.912000 4 1 
1637 7.656000 8.702000 -1.224000 19 1 
1638 7.658000 8.957000 -1.248000 19 1 
1639 7.623000 9.205000 -1.268000 19 1 
1640 7.579000 9.420000 -1.285000 19 1 
1641 4.047000 -9.101000 -1.024000 16 1 
1642 8.704000 -6.545000 -1.138000 15 1 
1643 8.677000 -6.252000 -1.114000 15 1 
1644 5.730000 -1.879000 -0.541000 17 1 
1645 5.737000 -1.792000 -0.539000 17 1 
1646 5.709000 -1.685000 -0.532000 17 1 
1647 5.719000 -1.601000 -0.530000 17 1 
1648 5.787000 -1.532000 -0.536000 17 1 
1649 6.098000 -1.500000 -0.572000 17 1 
1650 6.150000 -1.411000 -0.575000 17 1 
1651 7.657000 4.750000 -0.953000 4 1 
1652 7.296000 4.671000 -0.909000 4 1 
1653 7.454000 5.091000 -0.955000 4 1 
1654 7.651000 8.652000 -1.278000 19 1 
1655 7.612000 8.857000 -1.294000 19 1 
1656 4.037000 -9.082000 -1.072000 16 1 
1657 8.595000 -6.344000 -1.167000 15 1 
1658 8.799000 -6.306000 -1.185000 15 1 
1659 5.665000 -1.837000 -0.563000 17 1 
1660 5.657000 -1.736000 -0.558000 17 1 
1661 5.643000 -1.645000 -0.553000 17 1 
1662 5.667000 -1.565000 -0.553000 17 1 
1663 5.759000 -1.494000 -0.562000 17 1 
1664 6.090000 -1.469000 -0.602000 17 1 
1665 6.174000 -1.398000 -0.610000 17 1 
1666 7.521000 4.759000 -1.001000 4 1 
1667 7.266000 4.742000 -0.971000 4 1 
1668 7.536000 5.073000 -1.026000 4 1 
1669 4.092000 -9.164000 -1.154000 16 1 
1670 4.282000 -9.236000 -1.174000 16 1 
1671 8.617000 -6.417000 -1.250000 15 1 
1672 8.734000 -6.315000 -1.254000 15 1 
1673 8.946000 -6.277000 -1.275000 15 1 
1674 5.748000 -1.895000 -0.617000 17 1 
1675 5.731000 -1.800000 -0.611000 17 1 
1676 5.717000 -1.708000 -0.606000 17 1 
1677 5.732000 -1.614000 -0.604000 17 1 
1678 5.785000 -1.541000 -0.609000 17 1 
1679 6.247000 -1.475000 -0.667000 17 1 
1680 7.519000 5.056000 -1.084000 4 1 
1681 4.030000 -9.164000 -1.219000 16 1 
1682 4.230000 -9.224000 -1.238000 16 1 
1683 5.708000 -1.946000 -0.655000 17 1 
1684 5.652000 -1.838000 -0.643000 17 1 
1685 5.676000 -1.757000 -0.643000 17 1 
1686 5.678000 -1.661000 -0.639000 17 1 
1687 5.705000 -1.581000 -0.640000 17 1 
1688 5.786000 -1.516000 -0.648000 17 1 
1689 6.439000 -1.583000 -0.740000 17 1 
1690 6.291000 -1.452000 -0.716000 17 1 
1691 7.561000 5.047000 -1.130000 4 1 
1692 7.512000 5.169000 -1.134000 4 1 
1693 4.106000 -9.176000 -1.270000 16 1 
1694 4.313000 -9.282000 -1.297000 16 1 
1695 5.675000 -1.935000 -0.678000 17 1 
1696 5.679000 -1.848000 -0.674000 17 1 
1697 5.674000 -1.758000 -0.670000 17 1 
1698 5.667000 -1.659000 -0.664000 17 1 
1699 5.678000 -1.575000 -0.663000 17 1 
1700 5.773000 -1.514000 -0.674000 17 1 
1701 6.444000 -1.590000 -0.771000 17 1 
1702 6.404000 -1.474000 -0.762000 17 1 
1703 7.487000 4.756000 -1.161000 4 1 
1704 7.493000 5.079000 -1.189000 4 1 
1705 5.692000 -1.937000 -0.724000 17 1 
1706 5.661000 -1.838000 -0.714000 17 1 
1707 5.644000 -1.734000 -0.707000 17 1 
1708 5.651000 -1.649000 -0.704000 17 1 
1709 5.674000 -1.569000 -0.704000 17 1 
1710 5.768000 -1.499000 -0.715000 17 1 
1711 6.428000 -1.480000 -0.813000 17 1 
1712 5.688000 -1.897000 -0.827000 17 1 
1713 5.723000 -1.809000 -0.828000 17 1 
1714 5.719000 -1.720000 -0.823000 17 1 
1715 5.703000 -1.627000 -0.816000 17 1 
1716 5.753000 -1.544000 -0.820000 17 1 
1717 5.879000 -1.489000 -0.838000 17 1 
1718 5.751000 -1.684000 -0.885000 17 1 
1719 5.779000 -1.594000 -0.886000 17 1 
1720 5.862000 -1.529000 -0.896000 17 1 
1721 6.089000 -1.820000 -1.003000 17 1 
1722 6.141000 -1.742000 -1.008000 17 1 
1723 5.870000 -1.577000 -0.953000 17 1 
1724 5.951000 -1.508000 -0.964000 17 1 
1725 6.599000 -1.560000 -1.078000 17 1 
1726 6.060000 -1.844000 -1.046000 17 1 
1727 6.034000 -1.722000 -1.035000 17 1 
1728 5.939000 -1.594000 -1.012000 17 1 
1729 5.997000 -1.519000 -1.019000 17 1 
1730 5.785000 -1.714000 -1.044000 17 1 
1731 5.918000 -1.562000 -1.060000 17 1 
1732 5.962000 -1.484000 -1.065000 17 1 
1733 5.560000 -1.738000 -1.072000 17 1 
1734 5.956000 -1.771000 -1.151000 17 1 
1735 5.830000 -1.545000 -1.114000 17 1 
1736 5.876000 -1.469000 -1.119000 17 1 
1737 5.450000 -1.794000 -1.108000 17 1 
1738 5.722000 -1.773000 -1.162000 17 1 
1739 5.813000 -1.701000 -1.177000 17 1 
1740 5.891000 -1.634000 -1.189000 17 1 
1741 5.868000 -1.539000 -1.179000 17 1 
1742 5.391000 -1.792000 -1.143000 17 1 
1743 6.037000 -1.915000 -1.288000 17 1 
1744 6.043000 -1.803000 -1.282000 17 1 
1745 5.818000 -1.616000 -1.222000 17 1 
1746 5.837000 -1.533000 -1.221000 17 1 
1747 5.341000 -1.798000 -1.183000 17 1 
1748 5.645000 -1.791000 -1.249000 17 1 
1749 5.764000 -1.553000 -1.260000 17 1 
1750 5.237000 -1.782000 -1.262000 17 1 
