1 60.806999 3.761000 2.269000 -1 -1 
2 61.445999 4.771000 2.293000 -1 -1 
3 60.636002 5.571000 2.268000 1 1 
4 60.174000 6.387000 2.255000 -1 -1 
5 59.480000 7.165000 2.235000 -1 -1 
6 52.435001 9.430000 2.011000 -1 -1 
7 21.169001 5.750000 0.951000 2 1 
8 21.157000 6.069000 0.953000 2 1 
9 25.874001 9.086000 1.136000 3 1 
10 25.445000 9.386000 1.126000 3 1 
11 25.157000 9.686000 1.121000 3 1 
12 24.148001 9.691000 1.089000 4 1 
13 12.973000 9.319000 0.749000 5 1 
14 12.176000 9.068000 0.722000 5 1 
15 12.009000 9.210000 0.721000 5 1 
16 11.572000 9.963000 0.725000 5 1 
17 11.243000 9.959000 0.717000 5 1 
18 10.817000 9.857000 0.704000 5 1 
19 9.345000 8.784000 0.643000 5 1 
20 9.379000 9.070000 0.650000 5 1 
21 8.820000 8.772000 0.630000 5 1 
22 8.498000 8.972000 0.627000 5 1 
23 7.562000 9.235000 0.613000 5 1 
24 6.460000 9.164000 0.588000 -1 -1 
25 5.352000 9.525000 0.579000 6 1 
26 5.184000 9.575000 0.577000 6 1 
27 4.222000 -19.351999 0.879000 7 1 
28 6.548000 -10.065000 0.615000 8 1 
29 6.538000 -9.712000 0.605000 8 1 
30 6.542000 -9.429000 0.597000 8 1 
31 6.551000 -9.163000 0.590000 8 1 
32 4.127000 -2.965000 0.381000 9 1 
33 49.473000 -18.492001 1.995000 10 1 
34 49.535000 -17.634001 1.987000 10 1 
35 49.516998 -16.841999 1.978000 10 1 
36 17.858999 -5.750000 0.844000 11 1 
37 49.555000 -15.136000 1.961000 12 1 
38 49.610001 -14.305000 1.955000 12 1 
39 49.626999 -13.554000 1.949000 12 1 
40 49.667000 -12.813000 1.944000 12 1 
41 49.681999 -12.070000 1.938000 12 1 
42 16.707001 -3.415000 0.786000 13 1 
43 16.829000 -3.166000 0.788000 13 1 
44 74.084000 -12.286000 2.748000 -1 -1 
45 71.855003 -7.891000 2.653000 -1 -1 
46 54.678001 -4.278000 2.064000 -1 -1 
47 73.591003 -4.587000 2.702000 14 1 
48 74.308998 -2.525000 2.723000 -1 -1 
49 59.210999 4.715000 1.841000 -1 -1 
50 59.520000 5.587000 1.851000 -1 -1 
51 53.500999 9.477000 1.702000 15 1 
52 49.987999 9.587000 1.607000 -1 -1 
53 21.243000 5.706000 0.813000 2 1 
54 21.068001 6.016000 0.811000 2 1 
55 29.068001 9.639000 1.050000 18 0 
56 25.841000 9.025000 0.961000 3 1 
57 25.745001 9.402000 0.962000 3 1 
58 25.066000 9.558000 0.946000 3 1 
59 23.806000 9.467000 0.913000 4 1 
60 23.563000 9.802000 0.910000 4 1 
61 11.874000 8.725000 0.614000 5 1 
62 11.868000 8.981000 0.618000 5 1 
63 11.793000 9.190000 0.619000 5 1 
64 11.866000 9.549000 0.627000 5 1 
65 11.748000 9.731000 0.628000 5 1 
66 11.545000 9.842000 0.625000 5 1 
67 10.986000 9.638000 0.610000 5 1 
68 10.482000 9.492000 0.597000 5 1 
69 10.105000 9.415000 0.588000 5 1 
70 9.352000 8.966000 0.565000 5 1 
71 8.802000 8.683000 0.548000 5 1 
72 8.638000 8.793000 0.547000 5 1 
73 7.541000 9.136000 0.534000 5 1 
74 5.288000 9.472000 0.507000 6 1 
75 5.191000 9.651000 0.510000 6 1 
76 4.232000 9.902000 0.505000 6 1 
77 4.039000 -19.955999 0.768000 7 1 
78 4.236000 -19.358999 0.753000 7 1 
79 5.770000 -9.695000 0.519000 8 1 
80 5.820000 -9.176000 0.507000 8 1 
81 5.909000 -9.031000 0.505000 8 1 
82 6.041000 -8.924000 0.505000 8 1 
83 6.274000 -8.992000 0.510000 8 1 
84 4.151000 -2.991000 0.349000 9 1 
85 4.218000 -2.969000 0.350000 9 1 
86 49.431999 -18.801001 1.662000 10 1 
87 49.507000 -18.033001 1.656000 10 1 
88 49.473000 -17.232000 1.648000 10 1 
89 17.790001 -5.836000 0.723000 11 1 
90 49.570000 -15.452000 1.635000 12 1 
91 49.556000 -14.682000 1.629000 12 1 
92 49.589001 -13.933000 1.624000 12 1 
93 49.618999 -13.187000 1.619000 12 1 
94 49.669998 -12.369000 1.615000 12 1 
95 16.768999 -3.548000 0.680000 13 1 
96 16.711000 -3.289000 0.677000 13 1 
97 51.529999 -9.359000 1.648000 17 0 
98 51.523998 -8.441000 1.643000 17 0 
99 37.639999 -3.812000 1.248000 16 1 
100 73.984001 -5.176000 2.247000 14 1 
101 60.978001 5.186000 1.602000 1 1 
102 53.356998 9.569000 1.443000 15 1 
103 21.180000 5.777000 0.708000 2 1 
104 21.056000 6.100000 0.708000 2 1 
105 26.375000 9.062000 0.843000 3 1 
106 25.848000 9.291000 0.834000 3 1 
107 25.212000 9.512000 0.822000 3 1 
108 24.002001 9.444000 0.796000 4 1 
109 23.754999 9.737000 0.793000 4 1 
110 12.183000 9.213000 0.556000 5 1 
111 12.056000 9.388000 0.556000 5 1 
112 11.921000 9.587000 0.557000 5 1 
113 11.858000 9.816000 0.559000 5 1 
114 10.952000 9.328000 0.536000 5 1 
115 10.475000 9.475000 0.530000 5 1 
116 9.348000 8.695000 0.499000 5 1 
117 9.527000 9.117000 0.509000 5 1 
118 8.851000 8.739000 0.492000 5 1 
119 9.271000 9.419000 0.509000 5 1 
120 7.532000 9.160000 0.478000 5 1 
121 5.416000 9.628000 0.460000 6 1 
122 4.103000 9.805000 0.450000 6 0 
123 4.195000 -19.417000 0.661000 7 1 
124 5.390000 -9.812000 0.463000 8 1 
125 5.393000 -9.462000 0.456000 8 1 
126 5.393000 -9.162000 0.450000 8 1 
127 5.401000 -8.886000 0.445000 8 1 
128 5.468000 -8.716000 0.443000 8 1 
129 4.181000 -2.977000 0.325000 9 1 
130 49.480999 -18.878000 1.414000 10 1 
131 49.546001 -18.105000 1.410000 10 1 
132 49.520000 -17.219000 1.402000 10 1 
133 49.549999 -16.448000 1.397000 10 1 
134 17.742001 -5.568000 0.632000 11 1 
135 49.603001 -14.753000 1.387000 12 1 
136 49.640999 -14.004000 1.383000 12 1 
137 49.671001 -13.174000 1.379000 12 1 
138 49.695000 -12.431000 1.375000 12 1 
139 49.702999 -11.689000 1.371000 12 1 
140 16.730000 -3.347000 0.597000 13 1 
141 51.564999 -9.253000 1.401000 17 1 
142 37.738998 -3.996000 1.073000 16 1 
143 54.602001 -4.040000 1.455000 -1 -1 
144 60.932999 5.157000 1.138000 1 1 
145 53.344002 9.033000 1.031000 15 1 
146 52.764999 9.790000 1.024000 15 1 
147 21.038000 5.906000 0.540000 2 1 
148 28.097000 9.671000 0.660000 18 1 
149 26.077000 9.392000 0.629000 3 1 
150 25.462000 9.625000 0.622000 3 1 
151 23.833000 9.398000 0.597000 4 1 
152 23.806999 9.779000 0.599000 4 1 
153 12.101000 9.712000 0.444000 5 1 
154 10.916000 9.078000 0.424000 5 1 
155 10.848000 9.284000 0.425000 5 1 
156 10.542000 9.313000 0.422000 5 1 
157 9.239000 9.117000 0.405000 5 1 
158 9.229000 9.368000 0.408000 5 1 
159 4.156000 -19.403000 0.510000 7 1 
160 5.347000 -10.064000 0.381000 8 1 
161 5.343000 -9.684000 0.376000 8 1 
162 5.329000 -9.342000 0.371000 8 1 
163 5.329000 -9.041000 0.367000 8 1 
164 5.328000 -8.753000 0.364000 8 1 
165 5.352000 -8.488000 0.360000 8 1 
166 5.365000 -8.247000 0.357000 8 1 
167 4.131000 -3.014000 0.285000 9 1 
168 4.183000 -2.962000 0.286000 9 1 
169 47.540001 -19.622000 0.990000 19 1 
170 49.541000 -18.382999 1.012000 10 1 
171 49.557999 -17.597000 1.008000 10 1 
172 49.507000 -16.794001 1.003000 10 1 
173 17.902000 -5.713000 0.494000 11 1 
174 49.597000 -15.020000 0.996000 12 1 
175 49.653000 -14.274000 0.994000 12 1 
176 49.648998 -13.515000 0.990000 12 1 
177 49.668999 -12.769000 0.988000 12 1 
178 49.708000 -11.950000 0.985000 12 1 
179 16.702000 -3.447000 0.467000 13 1 
180 16.775999 -3.215000 0.468000 13 1 
181 49.973000 -6.328000 0.974000 -1 -1 
182 79.285004 -7.032000 1.419000 -1 -1 
183 68.980003 -4.479000 1.259000 20 1 
184 60.835999 5.255000 0.824000 1 1 
185 52.639999 9.684000 0.748000 15 0 
186 21.024000 5.871000 0.428000 2 1 
187 28.143000 9.467000 0.507000 18 1 
188 25.896000 9.578000 0.486000 3 1 
189 25.823000 9.968000 0.487000 3 1 
190 23.707001 9.536000 0.465000 4 1 
191 23.010000 9.678000 0.459000 4 1 
192 12.172000 9.785000 0.365000 5 1 
193 10.850000 8.975000 0.350000 5 1 
194 10.843000 9.230000 0.351000 5 1 
195 9.337000 9.102000 0.339000 5 1 
196 9.153000 9.441000 0.340000 5 1 
197 5.126000 9.969000 0.321000 6 1 
198 4.131000 -19.438999 0.408000 7 1 
199 5.285000 -10.109000 0.323000 8 1 
200 5.284000 -8.761000 0.311000 8 1 
201 5.291000 -8.499000 0.308000 8 1 
202 5.300000 -8.224000 0.306000 8 1 
203 5.380000 -8.095000 0.306000 8 1 
204 5.700000 -8.018000 0.307000 8 1 
205 5.872000 -7.990000 0.307000 8 1 
206 6.037000 -7.976000 0.308000 8 1 
207 6.233000 -7.997000 0.310000 8 1 
208 6.431000 -8.014000 0.311000 8 1 
209 6.666000 -8.044000 0.313000 8 1 
210 11.820000 -9.902000 0.363000 21 1 
211 11.798000 -9.604000 0.361000 21 1 
212 11.810000 -9.340000 0.359000 21 1 
213 11.798000 -9.063000 0.358000 21 1 
214 4.107000 -2.985000 0.259000 9 1 
215 4.192000 -2.957000 0.259000 9 1 
216 47.532001 -19.618000 0.727000 19 1 
217 49.478001 -18.447001 0.741000 10 1 
218 49.522999 -17.582001 0.738000 10 1 
219 49.500999 -16.791000 0.735000 10 1 
220 17.813999 -5.719000 0.396000 11 1 
221 49.549000 -15.089000 0.731000 12 1 
222 16.681999 -3.478000 0.379000 13 1 
223 16.718000 -3.239000 0.379000 13 1 
224 50.028000 -8.585000 0.720000 -1 -1 
225 37.667000 -3.758000 0.590000 16 1 
226 68.958000 -4.242000 0.905000 20 1 
227 60.844002 5.402000 0.399000 1 1 
228 20.981001 5.806000 0.275000 2 1 
229 28.860001 9.260000 0.302000 18 1 
230 28.523001 9.599000 0.302000 18 1 
231 26.170000 9.687000 0.295000 3 1 
232 24.211000 9.355000 0.289000 4 1 
233 23.412001 9.430000 0.286000 4 1 
234 23.041000 9.704000 0.286000 4 1 
235 20.660000 9.755000 0.279000 22 1 
236 20.052000 9.856000 0.277000 22 1 
237 12.522000 9.781000 0.257000 5 1 
238 12.225000 9.862000 0.256000 5 1 
239 12.015000 9.977000 0.256000 5 1 
240 8.957000 9.793000 0.249000 5 1 
241 8.886000 9.994000 0.249000 5 1 
242 4.025000 -19.921000 0.271000 7 1 
243 4.201000 -19.372999 0.269000 7 1 
244 5.237000 -10.217000 0.243000 8 1 
245 5.144000 -8.460000 0.238000 8 1 
246 5.245000 -7.989000 0.237000 8 1 
247 11.545000 -10.108000 0.255000 21 1 
248 11.532000 -9.812000 0.255000 21 1 
249 11.506000 -9.122000 0.253000 21 1 
250 11.527000 -8.848000 0.253000 21 1 
251 11.515000 -8.582000 0.252000 21 1 
252 4.046000 -2.906000 0.223000 9 1 
253 11.815000 -8.241000 0.252000 21 1 
254 12.118000 -8.174000 0.253000 21 1 
255 12.574000 -8.225000 0.254000 21 1 
256 47.433998 -19.785000 0.369000 19 1 
257 49.408001 -18.544001 0.373000 10 1 
258 49.417999 -17.754999 0.372000 10 1 
259 49.388000 -16.959000 0.371000 10 1 
260 17.716999 -5.726000 0.265000 11 1 
261 49.480999 -15.186000 0.370000 12 1 
262 39.671001 -8.834000 0.335000 -1 -1 
263 16.584999 -3.324000 0.260000 13 1 
264 49.921001 -8.758000 0.367000 -1 -1 
265 53.874001 -8.151000 0.379000 -1 -1 
266 37.696999 -3.710000 0.326000 16 1 
267 68.841003 -4.293000 0.424000 20 1 
268 78.815002 9.915000 0.083000 -1 -1 
269 58.209000 9.182000 0.115000 23 1 
270 57.949001 9.982000 0.115000 23 1 
271 21.084000 5.879000 0.173000 2 1 
272 29.625999 9.490000 0.158000 18 1 
273 28.816000 9.681000 0.159000 18 1 
274 28.233999 9.981000 0.160000 18 1 
275 26.066000 9.723000 0.163000 3 1 
276 24.054001 9.359000 0.166000 4 1 
277 22.941000 9.301000 0.168000 4 1 
278 23.181999 9.826000 0.167000 4 1 
279 20.670000 9.812000 0.171000 22 1 
280 19.950001 9.857000 0.172000 22 1 
281 9.033000 9.760000 0.186000 5 1 
282 8.894000 9.919000 0.186000 5 1 
283 4.145000 -19.542000 0.176000 7 1 
284 5.291000 -8.780000 0.191000 8 1 
285 6.667000 -10.413000 0.187000 8 0 
286 5.347000 -7.998000 0.192000 8 1 
287 5.466000 -7.931000 0.192000 8 1 
288 6.837000 -9.243000 0.189000 8 1 
289 6.808000 -8.625000 0.189000 8 1 
290 11.652000 -10.475000 0.182000 21 1 
291 11.600000 -9.634000 0.183000 21 1 
292 12.874000 -10.285000 0.181000 -1 -1 
293 4.183000 -3.042000 0.198000 9 1 
294 4.245000 -2.997000 0.198000 9 1 
295 11.984000 -8.124000 0.184000 21 1 
296 12.314000 -8.095000 0.184000 21 1 
297 12.746000 -8.123000 0.183000 21 1 
298 47.644001 -19.948999 0.126000 19 1 
299 47.625000 -19.155001 0.127000 19 1 
300 49.515999 -18.749001 0.124000 10 1 
301 49.591000 -17.980000 0.125000 10 1 
302 49.160000 -17.042000 0.126000 10 1 
303 17.854000 -5.832000 0.177000 11 1 
304 49.301998 -15.290000 0.126000 12 1 
305 16.827999 -3.570000 0.180000 13 1 
306 16.753000 -3.308000 0.180000 13 1 
307 50.000999 -6.352000 0.128000 -1 -1 
308 68.495003 9.541000 -0.339000 -1 -1 
309 57.848000 9.083000 -0.256000 23 1 
310 57.708000 9.899000 -0.256000 23 1 
311 48.431999 9.808000 -0.184000 -1 -1 
312 35.771000 8.905000 -0.085000 -1 -1 
313 34.703999 9.162000 -0.077000 24 1 
314 21.018999 5.879000 0.034000 2 1 
315 29.455000 9.285000 -0.038000 18 1 
316 28.195999 9.329000 -0.028000 18 1 
317 28.101000 9.741000 -0.029000 18 1 
318 26.730000 9.692000 -0.018000 3 1 
319 24.296000 9.246000 0.001000 4 1 
320 23.431999 9.300000 0.007000 4 1 
321 22.993999 9.505000 0.010000 4 1 
322 22.239000 9.980000 0.014000 4 1 
323 19.950001 9.642000 0.031000 22 1 
324 8.994000 9.672000 0.102000 5 1 
325 8.858000 9.800000 0.102000 5 1 
326 8.736000 9.944000 0.102000 5 1 
327 4.093000 -19.658001 0.048000 7 1 
328 4.346000 -19.487000 0.049000 7 1 
329 5.258000 -8.750000 0.126000 8 1 
330 5.542000 -8.539000 0.126000 8 1 
331 5.300000 -7.862000 0.131000 8 1 
332 6.585000 -9.360000 0.116000 8 1 
333 6.409000 -8.665000 0.121000 8 1 
334 11.557000 -10.419000 0.083000 21 1 
335 11.587000 -9.525000 0.088000 21 1 
336 4.143000 -2.999000 0.166000 9 1 
337 4.240000 -2.969000 0.165000 9 1 
338 12.834000 -8.665000 0.084000 21 1 
339 12.829000 -7.918000 0.087000 21 1 
340 47.550999 -19.680000 -0.200000 19 1 
341 48.688000 -19.084000 -0.206000 -1 -1 
342 49.528000 -18.610001 -0.211000 10 1 
343 49.521999 -17.813000 -0.209000 10 1 
344 49.497002 -17.018000 -0.207000 10 1 
345 17.997999 -5.794000 0.057000 11 1 
346 37.268002 -11.127000 -0.101000 25 1 
347 16.790001 -3.592000 0.071000 13 1 
348 16.697001 -3.298000 0.072000 13 1 
349 45.505001 -6.898000 -0.157000 30 0 
350 55.876999 -7.491000 -0.239000 -1 -1 
351 64.723999 -7.648000 -0.308000 -1 -1 
352 37.632000 -3.897000 -0.092000 16 1 
353 42.060001 -3.492000 -0.127000 31 0 
354 49.278999 4.470000 -0.488000 -1 -1 
355 31.312000 5.384000 -0.240000 -1 -1 
356 31.231001 5.826000 -0.240000 -1 -1 
357 42.348999 9.854000 -0.404000 -1 -1 
358 34.717999 9.232000 -0.298000 24 1 
359 21.009001 5.895000 -0.100000 2 1 
360 33.257999 9.915000 -0.281000 26 1 
361 29.090000 9.118000 -0.222000 18 1 
362 27.968000 9.202000 -0.207000 18 1 
363 27.996000 9.652000 -0.210000 18 1 
364 24.370001 9.221000 -0.160000 4 1 
365 23.573000 9.302000 -0.150000 4 1 
366 23.114000 9.500000 -0.145000 4 1 
367 22.733999 9.764000 -0.141000 4 1 
368 19.958000 9.590000 -0.105000 22 1 
369 19.669001 9.834000 -0.103000 22 1 
370 8.755000 9.952000 0.020000 5 1 
371 4.098000 -19.617001 -0.075000 7 1 
372 5.255000 -10.215000 0.045000 8 1 
373 5.340000 -8.704000 0.062000 8 1 
374 6.023000 -9.508000 0.048000 8 1 
375 5.621000 -8.578000 0.062000 8 1 
376 5.280000 -7.764000 0.074000 8 1 
377 6.558000 -9.348000 0.046000 8 1 
378 6.293000 -8.651000 0.056000 8 1 
379 6.485000 -8.626000 0.054000 8 1 
380 6.703000 -8.602000 0.053000 8 1 
381 6.750000 -7.649000 0.063000 8 1 
382 11.510000 -10.511000 -0.013000 21 1 
383 11.469000 -9.647000 -0.005000 21 1 
384 11.465000 -8.671000 0.004000 21 1 
385 4.125000 -2.971000 0.134000 9 1 
386 11.521000 -7.889000 0.010000 21 1 
387 12.774000 -7.888000 -0.005000 21 1 
388 12.908000 -7.721000 -0.005000 21 1 
389 35.834000 -19.955999 -0.369000 27 0 
390 36.326000 -19.562000 -0.373000 27 1 
391 36.647999 -19.072001 -0.374000 27 1 
392 37.270000 -18.731001 -0.379000 27 0 
393 38.673000 -18.680000 -0.396000 -1 -1 
394 39.653000 -18.466000 -0.408000 28 0 
395 40.381001 -18.115000 -0.415000 28 1 
396 40.921001 -17.666000 -0.419000 28 0 
397 41.978001 -17.344999 -0.431000 -1 -1 
398 43.181999 -17.131001 -0.446000 -1 -1 
399 44.209999 -16.819000 -0.458000 -1 -1 
400 45.075001 -16.341999 -0.467000 -1 -1 
401 46.257000 -16.034000 -0.481000 -1 -1 
402 17.701000 -5.689000 -0.055000 11 1 
403 37.077000 -10.994000 -0.337000 25 1 
404 37.172001 -8.340000 -0.328000 29 1 
405 16.680000 -3.456000 -0.033000 13 1 
406 16.739000 -3.222000 -0.033000 13 1 
407 44.838001 -7.640000 -0.432000 30 1 
408 44.896999 -6.926000 -0.431000 30 1 
409 55.015999 -7.335000 -0.572000 -1 -1 
410 36.526001 -4.354000 -0.310000 16 1 
411 36.474998 -3.826000 -0.309000 16 1 
412 36.983002 -3.351000 -0.315000 16 1 
413 42.303001 -2.960000 -0.389000 31 1 
414 47.951000 4.929000 -0.806000 -1 -1 
415 36.611000 5.405000 -0.571000 -1 -1 
416 25.868000 5.293000 -0.349000 32 0 
417 25.879999 6.148000 -0.353000 32 1 
418 34.762001 8.944000 -0.548000 24 1 
419 21.223000 5.792000 -0.256000 2 1 
420 21.035000 6.062000 -0.254000 2 1 
421 32.923000 9.978000 -0.516000 26 1 
422 28.561001 9.152000 -0.424000 18 1 
423 27.792000 9.341000 -0.410000 18 1 
424 28.017000 9.860000 -0.418000 18 1 
425 24.808001 9.129000 -0.349000 4 1 
426 24.052999 9.284000 -0.336000 4 1 
427 23.336000 9.389000 -0.322000 4 1 
428 23.046000 9.653000 -0.319000 4 1 
429 22.853001 9.954000 -0.318000 4 1 
430 21.927999 9.965000 -0.300000 4 1 
431 20.311001 9.581000 -0.266000 22 1 
432 19.641001 9.608000 -0.253000 22 1 
433 19.527000 9.935000 -0.254000 22 1 
434 4.268000 -19.570000 -0.215000 7 1 
435 5.269000 -10.248000 -0.037000 8 1 
436 5.254000 -8.588000 -0.006000 8 1 
437 6.123000 -9.537000 -0.033000 8 1 
438 5.351000 -7.648000 0.009000 8 1 
439 6.343000 -8.691000 -0.021000 8 1 
440 6.505000 -8.653000 -0.022000 8 1 
441 6.696000 -7.464000 -0.005000 8 1 
442 11.461000 -10.299000 -0.118000 21 1 
443 11.459000 -10.009000 -0.114000 21 1 
444 11.441000 -9.711000 -0.110000 21 1 
445 11.457000 -9.418000 -0.106000 21 1 
446 4.151000 -3.005000 0.098000 9 1 
447 12.031000 -8.343000 -0.102000 21 1 
448 12.897000 -7.683000 -0.110000 21 1 
449 31.875000 -18.294001 -0.566000 33 0 
450 32.418999 -17.934999 -0.572000 33 1 
451 32.770000 -17.528999 -0.574000 33 1 
452 33.144001 -17.131001 -0.577000 33 1 
453 33.542000 -16.740000 -0.581000 33 1 
454 33.971001 -16.292999 -0.585000 33 1 
455 34.361000 -15.886000 -0.589000 33 1 
456 34.748001 -15.473000 -0.592000 33 1 
457 35.270000 -15.112000 -0.599000 33 1 
458 35.841999 -14.695000 -0.607000 33 1 
459 36.124001 -14.218000 -0.609000 33 1 
460 36.553001 -13.794000 -0.614000 33 1 
461 37.104000 -13.406000 -0.622000 33 1 
462 37.821999 -12.997000 -0.633000 33 0 
463 17.826000 -5.769000 -0.188000 11 1 
464 39.102001 -12.079000 -0.653000 -1 -1 
465 37.116001 -10.765000 -0.605000 25 1 
466 40.609001 -11.023000 -0.677000 -1 -1 
467 40.950001 -10.428000 -0.681000 -1 -1 
468 37.415001 -8.964000 -0.602000 29 1 
469 37.074001 -8.208000 -0.591000 29 1 
470 16.691999 -3.379000 -0.152000 13 1 
471 17.153999 -3.222000 -0.161000 13 1 
472 44.876999 -7.598000 -0.749000 30 1 
473 43.296001 -6.562000 -0.713000 -1 -1 
474 48.428001 -6.644000 -0.820000 -1 -1 
475 36.790001 -4.395000 -0.572000 16 1 
476 36.341999 -3.821000 -0.561000 16 1 
477 37.043999 -3.308000 -0.575000 16 1 
478 37.705002 -2.830000 -0.588000 16 1 
479 65.892998 -2.681000 -1.178000 -1 -1 
480 47.770000 5.011000 -1.048000 -1 -1 
481 40.778000 5.248000 -0.867000 -1 -1 
482 35.075001 5.240000 -0.720000 34 1 
483 26.406000 6.395000 -0.504000 32 0 
484 33.337002 8.918000 -0.695000 -1 -1 
485 21.031000 5.936000 -0.365000 2 1 
486 32.608002 9.774000 -0.683000 26 1 
487 28.726000 9.052000 -0.581000 18 1 
488 27.781000 9.187000 -0.558000 18 1 
489 27.582001 9.556000 -0.556000 18 1 
490 25.239000 9.188000 -0.496000 4 0 
491 14.482000 5.494000 -0.199000 35 1 
492 14.011000 5.542000 -0.188000 35 1 
493 13.978000 5.759000 -0.189000 35 1 
494 13.862000 5.967000 -0.189000 35 1 
495 13.809000 6.177000 -0.190000 35 1 
496 20.507999 9.617000 -0.386000 22 1 
497 19.933001 9.770000 -0.374000 22 1 
498 19.594000 9.989000 -0.369000 22 1 
499 4.225000 -19.618000 -0.319000 7 1 
500 9.072000 -19.750999 -0.362000 -1 -1 
501 9.374000 -19.590000 -0.362000 -1 -1 
502 5.214000 -10.098000 -0.092000 8 1 
503 5.216000 -8.627000 -0.058000 8 1 
504 6.040000 -9.537000 -0.090000 8 1 
505 5.270000 -7.674000 -0.038000 8 1 
506 6.321000 -8.864000 -0.079000 8 1 
507 6.371000 -8.672000 -0.076000 8 1 
508 6.569000 -8.682000 -0.079000 8 1 
509 6.748000 -8.632000 -0.081000 8 1 
510 11.420000 -10.464000 -0.199000 21 1 
511 11.402000 -10.123000 -0.193000 21 1 
512 11.394000 -9.832000 -0.188000 21 1 
513 11.398000 -9.558000 -0.183000 21 1 
514 11.390000 -9.280000 -0.178000 21 1 
515 11.413000 -9.005000 -0.174000 21 1 
516 11.441000 -8.767000 -0.171000 21 1 
517 4.125000 -3.001000 0.072000 9 1 
518 11.251000 -7.863000 -0.153000 21 1 
519 11.463000 -7.772000 -0.156000 21 1 
520 12.836000 -7.489000 -0.183000 21 1 
521 29.160000 -16.427999 -0.668000 36 0 
522 29.611000 -16.134001 -0.675000 36 1 
523 30.039000 -15.821000 -0.681000 36 1 
524 30.545000 -15.479000 -0.688000 36 1 
525 30.951000 -15.139000 -0.694000 36 1 
526 31.430000 -14.825000 -0.701000 36 1 
527 31.919001 -14.448000 -0.709000 36 1 
528 32.201000 -14.030000 -0.711000 36 1 
529 32.492001 -13.614000 -0.714000 36 1 
530 32.849998 -13.221000 -0.719000 36 1 
531 33.317001 -12.804000 -0.726000 36 1 
532 33.727001 -12.417000 -0.733000 36 1 
533 34.226002 -12.054000 -0.742000 36 0 
534 17.891001 -5.969000 -0.287000 11 1 
535 17.856001 -5.647000 -0.284000 11 1 
536 35.342999 -10.604000 -0.758000 29 0 
537 35.683998 -10.159000 -0.763000 29 1 
538 36.069000 -9.719000 -0.769000 29 1 
539 36.474998 -9.216000 -0.776000 29 1 
540 36.889999 -8.768000 -0.784000 29 1 
541 37.126999 -8.272000 -0.787000 29 1 
542 16.698999 -3.433000 -0.240000 13 1 
543 16.812000 -3.182000 -0.241000 13 1 
544 39.136002 -6.801000 -0.831000 -1 -1 
545 40.830002 -6.501000 -0.873000 -1 -1 
546 44.633999 -6.459000 -0.971000 30 0 
547 45.681999 -5.879000 -0.996000 -1 -1 
548 36.353001 -4.162000 -0.749000 16 1 
549 36.374001 -3.644000 -0.749000 16 1 
550 36.741001 -3.157000 -0.757000 16 1 
551 42.860001 -2.866000 -0.915000 31 0 
552 54.104000 -2.417000 -1.208000 -1 -1 
553 46.326000 0.529000 -1.278000 37 1 
554 46.549999 1.190000 -1.286000 37 0 
555 43.515999 4.824000 -1.197000 -1 -1 
556 40.092999 5.150000 -1.089000 -1 -1 
557 34.637001 5.062000 -0.916000 34 1 
558 30.434999 4.990000 -0.783000 38 1 
559 29.985001 5.353000 -0.771000 38 1 
560 34.720001 9.169000 -0.945000 24 1 
561 21.000999 5.911000 -0.494000 2 1 
562 32.467999 9.621000 -0.879000 26 1 
563 28.889000 9.010000 -0.764000 18 1 
564 27.862000 9.124000 -0.734000 18 1 
565 28.348000 9.779000 -0.755000 18 1 
566 14.621000 5.289000 -0.293000 35 1 
567 14.042000 5.306000 -0.276000 35 1 
568 13.405000 5.382000 -0.258000 35 1 
569 13.206000 5.520000 -0.254000 35 1 
570 13.123000 5.730000 -0.254000 35 1 
571 13.112000 5.947000 -0.256000 35 1 
572 13.093000 6.163000 -0.259000 35 1 
573 13.151000 6.418000 -0.264000 35 1 
574 4.280000 -19.621000 -0.438000 7 1 
575 8.364000 -18.163000 -0.436000 39 1 
576 8.718000 -18.174000 -0.441000 39 1 
577 9.062000 -18.228001 -0.447000 39 1 
578 5.184000 -9.965000 -0.155000 8 1 
579 5.176000 -8.672000 -0.119000 8 1 
580 5.185000 -8.414000 -0.112000 8 1 
581 5.016000 -7.776000 -0.092000 8 1 
582 5.694000 -8.477000 -0.122000 8 1 
583 5.247000 -7.523000 -0.089000 8 1 
584 6.421000 -8.623000 -0.140000 8 1 
585 6.586000 -8.589000 -0.142000 8 1 
586 6.950000 -7.577000 -0.125000 8 1 
587 17.903999 -19.033001 -0.632000 40 1 
588 18.302999 -18.855000 -0.637000 40 1 
589 18.688999 -18.716000 -0.642000 40 1 
590 19.087000 -18.582001 -0.648000 40 1 
591 19.482000 -18.437000 -0.654000 40 1 
592 11.370000 -10.379000 -0.288000 21 1 
593 11.358000 -10.045000 -0.281000 21 1 
594 11.345000 -9.750000 -0.274000 21 1 
595 11.311000 -9.447000 -0.267000 21 1 
596 11.350000 -9.179000 -0.263000 21 1 
597 11.346000 -8.914000 -0.257000 21 1 
598 11.347000 -8.658000 -0.252000 21 1 
599 4.098000 -3.015000 0.042000 9 1 
600 4.139000 -2.946000 0.042000 9 1 
601 11.386000 -7.920000 -0.240000 21 1 
602 11.411000 -7.700000 -0.236000 21 1 
603 11.479000 -7.460000 -0.234000 21 1 
604 11.652000 -7.315000 -0.236000 21 1 
605 11.863000 -7.216000 -0.240000 21 1 
606 12.078000 -7.115000 -0.244000 21 1 
607 12.330000 -7.031000 -0.250000 21 1 
608 12.762000 -7.015000 -0.262000 21 1 
609 27.226000 -14.500000 -0.783000 41 1 
610 27.518999 -14.161000 -0.786000 41 1 
611 27.813000 -13.819000 -0.790000 41 1 
612 28.188999 -13.458000 -0.795000 41 1 
613 28.528999 -13.128000 -0.801000 41 1 
614 28.871000 -12.794000 -0.806000 41 1 
615 29.275999 -12.482000 -0.814000 41 1 
616 29.635000 -12.089000 -0.820000 41 1 
617 30.202000 -11.825000 -0.834000 41 0 
618 9.444000 -3.458000 -0.118000 42 1 
619 17.639999 -5.953000 -0.392000 11 1 
620 17.691999 -5.693000 -0.390000 11 1 
621 32.290001 -9.911000 -0.877000 43 0 
622 32.646000 -9.518000 -0.884000 43 1 
623 33.111000 -9.092000 -0.895000 43 1 
624 33.540001 -8.702000 -0.905000 43 1 
625 33.910000 -8.289000 -0.913000 43 1 
626 34.430000 -7.845000 -0.926000 43 0 
627 16.684000 -3.486000 -0.341000 13 1 
628 16.684000 -3.240000 -0.340000 13 1 
629 36.652000 -6.613000 -0.988000 -1 -1 
630 37.518002 -6.224000 -1.013000 -1 -1 
631 38.365002 -5.747000 -1.037000 -1 -1 
632 39.057999 -5.288000 -1.057000 -1 -1 
633 36.450001 -4.409000 -0.971000 16 1 
634 36.310001 -3.814000 -0.964000 16 1 
635 36.358002 -3.301000 -0.964000 16 1 
636 37.285999 -2.855000 -0.993000 16 1 
637 45.702999 -2.711000 -1.261000 37 0 
638 45.785999 -2.067000 -1.263000 37 1 
639 45.895000 -1.350000 -1.265000 37 1 
640 45.944000 -0.702000 -1.266000 37 1 
641 46.125000 -0.053000 -1.272000 37 1 
642 37.078999 4.961000 -1.238000 -1 -1 
643 34.464001 5.106000 -1.139000 34 1 
644 29.740000 5.314000 -0.961000 38 1 
645 21.083000 5.888000 -0.640000 2 1 
646 21.070000 6.207000 -0.643000 2 1 
647 29.886000 9.276000 -1.002000 18 1 
648 28.047001 9.189000 -0.934000 18 1 
649 15.213000 5.318000 -0.417000 35 1 
650 13.734000 5.338000 -0.364000 35 1 
651 13.136000 5.416000 -0.344000 35 1 
652 19.603001 9.887000 -0.642000 22 1 
653 4.172000 -19.634001 -0.570000 7 1 
654 8.544000 -18.208000 -0.571000 39 1 
655 8.899000 -18.215000 -0.578000 39 1 
656 5.210000 -10.318000 -0.242000 8 1 
657 5.192000 -9.932000 -0.228000 8 1 
658 5.182000 -9.582000 -0.216000 8 1 
659 5.206000 -9.277000 -0.206000 8 1 
660 5.189000 -8.728000 -0.187000 8 1 
661 5.310000 -8.620000 -0.186000 8 1 
662 5.029000 -7.779000 -0.153000 8 1 
663 5.256000 -7.857000 -0.160000 8 1 
664 5.250000 -7.512000 -0.149000 8 1 
665 5.364000 -7.448000 -0.150000 8 1 
666 6.738000 -7.371000 -0.181000 8 1 
667 16.452999 -17.332001 -0.717000 44 1 
668 16.791000 -17.195000 -0.723000 44 1 
669 17.152000 -17.021000 -0.728000 44 1 
670 17.483999 -16.867001 -0.733000 44 1 
671 17.846001 -16.735001 -0.739000 44 1 
672 11.399000 -10.370000 -0.390000 21 1 
673 11.364000 -10.050000 -0.381000 21 1 
674 11.350000 -9.755000 -0.373000 21 1 
675 11.357000 -9.485000 -0.366000 21 1 
676 11.356000 -9.187000 -0.359000 21 1 
677 11.354000 -8.923000 -0.353000 21 1 
678 11.339000 -8.655000 -0.346000 21 1 
679 11.345000 -8.408000 -0.340000 21 1 
680 4.164000 -3.006000 0.006000 9 1 
681 11.382000 -7.869000 -0.329000 21 1 
682 11.408000 -7.650000 -0.326000 21 1 
683 11.436000 -7.437000 -0.322000 21 1 
684 11.485000 -7.215000 -0.319000 21 1 
685 11.574000 -7.045000 -0.318000 21 1 
686 11.729000 -6.914000 -0.321000 21 1 
687 11.925000 -6.804000 -0.325000 21 1 
688 12.193000 -6.705000 -0.332000 21 1 
689 12.504000 -6.647000 -0.342000 21 1 
690 24.535000 -12.573000 -0.859000 45 1 
691 24.806999 -12.273000 -0.863000 45 1 
692 25.131001 -11.945000 -0.869000 45 1 
693 25.441000 -11.654000 -0.875000 45 1 
694 25.898001 -11.326000 -0.886000 45 1 
695 26.421000 -11.112000 -0.901000 45 1 
696 26.573000 -10.592000 -0.899000 45 0 
697 8.933000 -3.401000 -0.165000 42 1 
698 8.897000 -3.245000 -0.161000 42 1 
699 8.850000 -3.087000 -0.157000 42 1 
700 9.041000 -3.010000 -0.163000 42 1 
701 9.192000 -2.901000 -0.168000 42 1 
702 9.398000 -2.820000 -0.174000 42 1 
703 9.051000 -2.578000 -0.159000 42 1 
704 9.573000 -2.563000 -0.178000 42 1 
705 30.867001 -7.739000 -1.023000 -1 -1 
706 31.063999 -7.221000 -1.025000 -1 -1 
707 16.792999 -3.611000 -0.458000 13 1 
708 16.674000 -3.340000 -0.452000 13 1 
709 32.673000 -5.987000 -1.077000 -1 -1 
710 33.502998 -5.650000 -1.106000 -1 -1 
711 34.532001 -5.322000 -1.143000 16 0 
712 34.933998 -4.879000 -1.156000 16 1 
713 35.473000 -4.387000 -1.174000 16 1 
714 35.851002 -3.920000 -1.186000 16 1 
715 36.331001 -3.453000 -1.203000 16 1 
716 36.782001 -2.972000 -1.219000 16 1 
717 38.775002 -2.519000 -1.294000 -1 -1 
718 30.740000 4.922000 -1.181000 38 0 
719 24.510000 5.084000 -0.910000 46 1 
720 21.014000 5.937000 -0.768000 2 1 
721 30.622000 9.109000 -1.217000 18 0 
722 29.232000 9.148000 -1.159000 18 1 
723 27.961000 9.236000 -1.106000 18 1 
724 14.045000 5.248000 -0.463000 35 1 
725 13.085000 5.413000 -0.426000 35 1 
726 5.999000 9.999000 -0.315000 6 1 
727 8.555000 -18.226000 -0.692000 39 1 
728 8.897000 -18.207001 -0.698000 39 1 
729 5.204000 -10.254000 -0.308000 8 1 
730 5.186000 -9.869000 -0.292000 8 1 
731 5.177000 -9.521000 -0.278000 8 1 
732 5.180000 -9.179000 -0.265000 8 1 
733 5.184000 -8.888000 -0.254000 8 1 
734 5.179000 -8.597000 -0.243000 8 1 
735 5.221000 -8.365000 -0.235000 8 1 
736 5.048000 -7.783000 -0.209000 8 1 
737 5.204000 -7.781000 -0.213000 8 1 
738 5.252000 -7.464000 -0.202000 8 1 
739 6.037000 -7.198000 -0.214000 8 1 
740 6.110000 -7.079000 -0.212000 8 1 
741 6.233000 -7.019000 -0.214000 8 1 
742 6.407000 -7.013000 -0.219000 8 1 
743 6.628000 -7.031000 -0.226000 8 1 
744 15.433000 -15.961000 -0.784000 47 1 
745 15.749000 -15.834000 -0.790000 47 1 
746 16.052000 -15.689000 -0.795000 47 1 
747 16.356001 -15.491000 -0.798000 47 1 
748 11.410000 -10.427000 -0.484000 21 1 
749 11.395000 -10.122000 -0.474000 21 1 
750 11.452000 -9.886000 -0.469000 21 1 
751 11.383000 -9.518000 -0.456000 21 1 
752 11.367000 -9.234000 -0.448000 21 1 
753 11.368000 -8.971000 -0.441000 21 1 
754 11.355000 -8.702000 -0.433000 21 1 
755 11.243000 -8.339000 -0.419000 21 1 
756 4.162000 -2.977000 -0.024000 9 1 
757 11.376000 -7.949000 -0.414000 21 1 
758 11.380000 -7.714000 -0.408000 21 1 
759 11.413000 -7.478000 -0.403000 21 1 
760 11.445000 -7.269000 -0.399000 21 1 
761 11.482000 -7.067000 -0.396000 21 1 
762 11.551000 -6.861000 -0.394000 21 1 
763 11.667000 -6.709000 -0.395000 21 1 
764 11.866000 -6.602000 -0.400000 21 1 
765 12.098000 -6.510000 -0.407000 21 1 
766 12.431000 -6.440000 -0.419000 21 1 
767 22.403000 -11.229000 -0.911000 48 1 
768 22.691000 -10.887000 -0.916000 48 1 
769 22.940001 -10.610000 -0.921000 48 1 
770 23.153000 -10.227000 -0.922000 48 1 
771 23.419001 -9.908000 -0.927000 48 1 
772 8.537000 -3.421000 -0.205000 42 1 
773 8.534000 -3.281000 -0.203000 42 1 
774 8.527000 -3.140000 -0.201000 42 1 
775 8.568000 -3.003000 -0.200000 42 1 
776 8.617000 -2.884000 -0.201000 42 1 
777 8.714000 -2.781000 -0.203000 42 1 
778 8.871000 -2.694000 -0.209000 42 1 
779 9.101000 -2.593000 -0.217000 42 1 
780 9.431000 -2.529000 -0.231000 42 1 
781 9.892000 -2.504000 -0.250000 42 1 
782 10.558000 -2.516000 -0.279000 42 1 
783 27.752001 -6.198000 -1.061000 -1 -1 
784 16.693001 -3.416000 -0.554000 13 1 
785 16.836000 -3.198000 -0.559000 13 1 
786 29.739000 -5.234000 -1.139000 -1 -1 
787 31.333000 -5.060000 -1.208000 -1 -1 
788 32.444000 -4.719000 -1.255000 -1 -1 
789 33.312000 -4.366000 -1.291000 -1 -1 
790 24.472000 5.178000 -1.052000 46 1 
791 24.090000 5.453000 -1.037000 46 1 
792 24.471001 6.396000 -1.067000 46 1 
793 20.987000 5.942000 -0.892000 2 1 
794 28.309000 8.896000 -1.286000 18 1 
795 15.620000 5.167000 -0.623000 35 1 
796 13.046000 5.337000 -0.504000 35 1 
797 6.490000 9.982000 -0.394000 6 1 
798 6.294000 9.986000 -0.389000 6 1 
799 6.070000 9.939000 -0.381000 6 1 
800 5.871000 9.961000 -0.377000 6 1 
801 8.617000 -17.620001 -0.781000 39 1 
802 5.193000 -10.194000 -0.371000 8 1 
803 5.169000 -9.804000 -0.353000 8 1 
804 5.170000 -9.479000 -0.339000 8 1 
805 5.172000 -9.140000 -0.324000 8 1 
806 5.180000 -8.861000 -0.312000 8 1 
807 5.175000 -8.574000 -0.300000 8 1 
808 5.190000 -8.302000 -0.288000 8 1 
809 5.022000 -7.789000 -0.262000 8 1 
810 5.133000 -7.718000 -0.262000 8 1 
811 5.240000 -7.393000 -0.252000 8 1 
812 5.271000 -7.218000 -0.245000 8 1 
813 5.336000 -7.095000 -0.242000 8 1 
814 5.457000 -7.046000 -0.244000 8 1 
815 5.580000 -6.975000 -0.245000 8 1 
816 5.704000 -6.927000 -0.247000 8 1 
817 5.838000 -6.889000 -0.250000 8 1 
818 5.970000 -6.846000 -0.253000 8 1 
819 6.120000 -6.799000 -0.256000 8 1 
820 6.288000 -6.789000 -0.261000 8 1 
821 6.477000 -6.798000 -0.268000 8 1 
822 6.694000 -6.807000 -0.276000 8 1 
823 14.745000 -14.533000 -0.836000 -1 -1 
824 15.015000 -14.387000 -0.841000 -1 -1 
825 11.408000 -10.634000 -0.580000 21 1 
826 11.364000 -10.265000 -0.566000 21 1 
827 11.358000 -9.972000 -0.556000 21 1 
828 11.368000 -9.700000 -0.547000 21 1 
829 11.327000 -9.392000 -0.535000 21 1 
830 11.334000 -9.102000 -0.527000 21 1 
831 11.328000 -8.837000 -0.518000 21 1 
832 11.324000 -8.580000 -0.510000 21 1 
833 11.317000 -8.325000 -0.502000 21 1 
834 4.117000 -2.950000 -0.051000 9 1 
835 11.353000 -7.789000 -0.488000 21 1 
836 11.364000 -7.562000 -0.482000 21 1 
837 11.362000 -7.332000 -0.476000 21 1 
838 11.374000 -7.089000 -0.470000 21 1 
839 11.423000 -6.898000 -0.467000 21 1 
840 11.476000 -6.711000 -0.464000 21 1 
841 11.589000 -6.559000 -0.465000 21 1 
842 10.251000 -5.594000 -0.383000 21 1 
843 12.042000 -6.347000 -0.480000 21 1 
844 12.433000 -6.330000 -0.497000 21 1 
845 20.561001 -10.006000 -0.945000 49 0 
846 20.808001 -9.725000 -0.950000 49 1 
847 12.730000 -5.695000 -0.497000 21 1 
848 21.377001 -9.183000 -0.965000 49 0 
849 8.430000 -3.498000 -0.255000 42 1 
850 8.436000 -3.014000 -0.246000 42 1 
851 8.487000 -2.897000 -0.247000 42 1 
852 8.531000 -2.778000 -0.247000 42 1 
853 8.514000 -2.626000 -0.244000 42 1 
854 8.660000 -2.537000 -0.250000 42 1 
855 8.989000 -2.495000 -0.265000 42 1 
856 9.414000 -2.469000 -0.285000 42 1 
857 25.750999 -5.808000 -1.122000 -1 -1 
858 16.643000 -3.462000 -0.650000 13 1 
859 16.709999 -3.231000 -0.651000 13 1 
860 27.674000 -4.928000 -1.208000 50 0 
861 28.336000 -4.588000 -1.238000 50 1 
862 29.044001 -4.281000 -1.271000 50 0 
863 24.035999 5.340000 -1.189000 46 1 
864 23.995001 5.767000 -1.192000 46 1 
865 23.988001 6.126000 -1.197000 46 1 
866 20.927000 6.018000 -1.028000 2 1 
867 13.018000 5.289000 -0.592000 35 1 
868 6.359000 9.913000 -0.463000 6 1 
869 6.142000 9.880000 -0.455000 6 1 
870 5.929000 9.881000 -0.449000 6 1 
871 5.182000 -10.093000 -0.439000 8 1 
872 5.163000 -9.715000 -0.419000 8 1 
873 5.179000 -9.384000 -0.403000 8 1 
874 5.174000 -9.069000 -0.387000 8 1 
875 5.153000 -8.741000 -0.371000 8 1 
876 5.168000 -8.488000 -0.359000 8 1 
877 5.185000 -8.222000 -0.347000 8 1 
878 5.194000 -7.983000 -0.336000 8 1 
879 5.207000 -7.759000 -0.325000 8 1 
880 5.228000 -7.308000 -0.305000 8 1 
881 5.256000 -7.131000 -0.298000 8 1 
882 5.304000 -6.986000 -0.293000 8 1 
883 5.394000 -6.900000 -0.292000 8 1 
884 5.527000 -6.847000 -0.295000 8 1 
885 5.639000 -6.786000 -0.296000 8 1 
886 5.771000 -6.749000 -0.299000 8 1 
887 5.931000 -6.720000 -0.304000 8 1 
888 6.056000 -6.670000 -0.307000 8 1 
889 6.204000 -6.642000 -0.311000 8 1 
890 6.382000 -6.642000 -0.318000 8 1 
891 6.616000 -6.673000 -0.328000 8 1 
892 13.918000 -13.515000 -0.894000 -1 -1 
893 14.149000 -13.356000 -0.897000 -1 -1 
894 11.422000 -10.473000 -0.673000 21 1 
895 11.350000 -10.051000 -0.654000 21 1 
896 11.389000 -9.770000 -0.646000 21 1 
897 11.264000 -9.389000 -0.626000 21 1 
898 11.343000 -9.186000 -0.622000 21 1 
899 11.342000 -8.922000 -0.613000 21 1 
900 11.353000 -8.646000 -0.604000 21 1 
901 11.354000 -8.395000 -0.596000 21 1 
902 4.149000 -2.958000 -0.085000 9 1 
903 11.345000 -7.849000 -0.577000 21 1 
904 11.362000 -7.625000 -0.571000 21 1 
905 11.358000 -7.366000 -0.563000 21 1 
906 9.097000 -5.672000 -0.403000 21 1 
907 11.390000 -6.888000 -0.550000 21 1 
908 11.453000 -6.707000 -0.548000 21 1 
909 11.545000 -6.519000 -0.547000 21 1 
910 10.363000 -5.657000 -0.465000 21 1 
911 12.481000 -6.592000 -0.595000 21 1 
912 12.324000 -6.287000 -0.579000 21 1 
913 19.059999 -9.253000 -0.995000 51 0 
914 19.299000 -8.997000 -1.001000 51 1 
915 12.758000 -5.720000 -0.588000 21 1 
916 19.736000 -8.531000 -1.013000 51 0 
917 9.248000 -3.659000 -0.359000 42 1 
918 8.491000 -2.932000 -0.305000 42 1 
919 8.529000 -2.589000 -0.301000 42 1 
920 8.636000 -2.489000 -0.305000 42 1 
921 10.811000 -2.452000 -0.424000 42 1 
922 16.632999 -3.486000 -0.758000 13 1 
923 16.694000 -3.253000 -0.759000 13 1 
924 26.009001 -4.660000 -1.291000 -1 -1 
925 20.943001 6.071000 -1.146000 2 1 
926 15.642000 5.147000 -0.816000 35 1 
927 14.977000 5.163000 -0.777000 35 1 
928 13.665000 5.244000 -0.703000 35 1 
929 12.897000 6.199000 -0.683000 35 1 
930 12.931000 6.442000 -0.691000 35 1 
931 11.639000 6.594000 -0.625000 35 1 
932 6.402000 9.881000 -0.526000 6 1 
933 6.173000 9.828000 -0.515000 6 1 
934 5.991000 9.845000 -0.510000 6 1 
935 5.837000 9.904000 -0.509000 6 1 
936 5.641000 9.924000 -0.504000 6 1 
937 5.150000 -9.731000 -0.478000 8 1 
938 5.162000 -9.430000 -0.462000 8 1 
939 5.151000 -9.102000 -0.444000 8 1 
940 5.156000 -8.788000 -0.428000 8 1 
941 5.156000 -8.512000 -0.413000 8 1 
942 5.159000 -8.252000 -0.399000 8 1 
943 5.163000 -8.006000 -0.387000 8 1 
944 5.185000 -7.770000 -0.375000 8 1 
945 5.199000 -7.558000 -0.365000 8 1 
946 5.196000 -7.331000 -0.353000 8 1 
947 5.234000 -7.144000 -0.345000 8 1 
948 5.257000 -6.967000 -0.337000 8 1 
949 5.320000 -6.848000 -0.334000 8 1 
950 5.415000 -6.771000 -0.334000 8 1 
951 5.540000 -6.708000 -0.336000 8 1 
952 5.660000 -6.659000 -0.338000 8 1 
953 5.786000 -6.614000 -0.341000 8 1 
954 5.921000 -6.579000 -0.345000 8 1 
955 6.077000 -6.542000 -0.350000 8 1 
956 6.229000 -6.518000 -0.355000 8 1 
957 6.418000 -6.528000 -0.364000 8 1 
958 6.751000 -6.653000 -0.384000 8 1 
959 13.269000 -12.599000 -0.929000 -1 -1 
960 11.470000 -10.592000 -0.763000 21 1 
961 11.411000 -10.242000 -0.746000 21 1 
962 11.364000 -9.852000 -0.728000 21 1 
963 11.393000 -9.568000 -0.718000 21 1 
964 11.357000 -9.268000 -0.704000 21 1 
965 11.338000 -8.989000 -0.692000 21 1 
966 11.322000 -8.662000 -0.679000 21 1 
967 11.356000 -8.437000 -0.673000 21 1 
968 4.126000 -2.986000 -0.112000 9 1 
969 11.342000 -7.913000 -0.653000 21 1 
970 11.359000 -7.689000 -0.646000 21 1 
971 11.467000 -7.502000 -0.645000 21 1 
972 11.364000 -7.208000 -0.630000 21 1 
973 11.383000 -6.947000 -0.622000 21 1 
974 11.438000 -6.761000 -0.619000 21 1 
975 11.493000 -6.576000 -0.616000 21 1 
976 10.388000 -5.668000 -0.529000 21 1 
977 12.205000 -6.360000 -0.649000 21 1 
978 12.499000 -6.289000 -0.663000 21 1 
979 17.945999 -8.563000 -1.027000 52 1 
980 18.167000 -8.355000 -1.034000 52 1 
981 18.476999 -8.114000 -1.046000 52 1 
982 18.684000 -7.926000 -1.053000 52 1 
983 9.255000 -3.635000 -0.413000 42 1 
984 9.098000 -3.329000 -0.397000 42 1 
985 9.106000 -3.187000 -0.394000 42 1 
986 9.908000 -3.292000 -0.443000 42 1 
987 8.558000 -2.478000 -0.349000 42 1 
988 10.021000 -2.694000 -0.439000 42 1 
989 9.469000 -2.404000 -0.402000 42 1 
990 23.183001 -5.079000 -1.265000 -1 -1 
991 16.636000 -3.379000 -0.847000 13 1 
992 17.077000 -3.217000 -0.872000 13 1 
993 20.782000 6.012000 -1.286000 2 1 
994 20.799000 6.337000 -1.294000 2 1 
995 12.929000 5.301000 -0.759000 35 1 
996 12.872000 5.491000 -0.761000 35 1 
997 12.813000 5.705000 -0.763000 35 1 
998 11.605000 5.412000 -0.679000 35 1 
999 11.620000 5.620000 -0.686000 35 1 
1000 11.642000 5.835000 -0.694000 35 1 
1001 6.903000 9.916000 -0.629000 6 1 
1002 6.509000 9.673000 -0.600000 6 1 
1003 6.373000 9.766000 -0.600000 6 1 
1004 6.171000 9.756000 -0.592000 6 1 
1005 5.986000 9.767000 -0.586000 6 1 
1006 5.795000 9.798000 -0.581000 6 1 
1007 5.710000 9.973000 -0.589000 6 1 
1008 5.158000 -10.164000 -0.582000 8 1 
1009 5.138000 -9.779000 -0.558000 8 1 
1010 5.165000 -9.464000 -0.540000 8 1 
1011 5.157000 -9.137000 -0.520000 8 1 
1012 5.152000 -8.834000 -0.502000 8 1 
1013 5.143000 -8.538000 -0.484000 8 1 
1014 5.160000 -8.268000 -0.468000 8 1 
1015 5.161000 -8.014000 -0.454000 8 1 
1016 5.162000 -7.771000 -0.440000 8 1 
1017 5.170000 -7.548000 -0.427000 8 1 
1018 5.196000 -7.336000 -0.416000 8 1 
1019 5.202000 -7.127000 -0.405000 8 1 
1020 5.226000 -6.951000 -0.396000 8 1 
1021 5.304000 -6.806000 -0.392000 8 1 
1022 5.443000 -6.612000 -0.387000 8 1 
1023 5.546000 -6.547000 -0.388000 8 1 
1024 5.672000 -6.486000 -0.391000 8 1 
1025 5.808000 -6.456000 -0.395000 8 1 
1026 5.956000 -6.435000 -0.401000 8 1 
1027 6.108000 -6.415000 -0.407000 8 1 
1028 6.283000 -6.396000 -0.415000 8 1 
1029 6.493000 -6.426000 -0.426000 8 1 
1030 12.369000 -11.782000 -0.973000 21 1 
1031 12.580000 -11.648000 -0.977000 21 1 
1032 12.728000 -11.456000 -0.976000 21 1 
1033 11.264000 -9.817000 -0.826000 21 1 
1034 11.353000 -9.616000 -0.822000 21 1 
1035 11.344000 -9.336000 -0.809000 21 1 
1036 11.341000 -9.067000 -0.797000 21 1 
1037 11.358000 -8.791000 -0.786000 21 1 
1038 11.336000 -8.521000 -0.774000 21 1 
1039 4.122000 -2.987000 -0.148000 9 1 
1040 7.905000 -5.570000 -0.463000 21 0 
1041 11.351000 -7.774000 -0.744000 21 1 
1042 11.216000 -7.450000 -0.724000 21 1 
1043 11.357000 -7.214000 -0.724000 21 1 
1044 11.372000 -6.950000 -0.715000 21 1 
1045 11.425000 -6.714000 -0.710000 21 1 
1046 11.510000 -6.523000 -0.708000 21 1 
1047 10.237000 -5.609000 -0.601000 21 1 
1048 11.821000 -6.265000 -0.718000 21 1 
1049 12.349000 -6.226000 -0.749000 21 1 
1050 16.496000 -8.036000 -1.060000 21 1 
1051 16.729000 -7.827000 -1.069000 21 1 
1052 12.826000 -5.774000 -0.766000 21 1 
1053 17.225000 -7.474000 -1.090000 21 0 
1054 9.222000 -3.632000 -0.480000 42 1 
1055 9.171000 -3.429000 -0.472000 42 1 
1056 9.157000 -3.277000 -0.467000 42 1 
1057 9.842000 -3.368000 -0.514000 42 1 
1058 8.423000 -2.470000 -0.402000 42 1 
1059 9.988000 -2.714000 -0.510000 42 1 
1060 9.367000 -2.370000 -0.463000 42 1 
1061 16.611000 -3.563000 -0.967000 13 1 
1062 16.594999 -3.315000 -0.962000 13 1 
1063 17.063000 -3.131000 -0.991000 13 1 
1064 16.396000 5.111000 -1.064000 35 1 
1065 13.040000 5.286000 -0.835000 35 1 
1066 12.972000 5.497000 -0.837000 35 1 
1067 12.917000 5.690000 -0.839000 35 1 
1068 12.917000 5.910000 -0.845000 35 1 
1069 12.924000 6.186000 -0.854000 35 1 
1070 12.950000 6.450000 -0.865000 35 1 
1071 6.606000 9.784000 -0.668000 6 1 
1072 6.379000 9.741000 -0.656000 6 1 
1073 6.207000 9.778000 -0.652000 6 1 
1074 6.017000 9.814000 -0.647000 6 1 
1075 5.829000 9.816000 -0.640000 6 1 
1076 5.689000 9.897000 -0.640000 6 1 
1077 5.561000 10.000000 -0.642000 6 1 
1078 5.117000 -9.970000 -0.624000 8 1 
1079 5.176000 -9.671000 -0.607000 8 1 
1080 5.186000 -9.371000 -0.588000 8 1 
1081 5.178000 -9.053000 -0.567000 8 1 
1082 5.189000 -8.753000 -0.548000 8 1 
1083 5.190000 -8.480000 -0.531000 8 1 
1084 5.186000 -8.210000 -0.514000 8 1 
1085 5.200000 -7.954000 -0.499000 8 1 
1086 5.209000 -7.728000 -0.485000 8 1 
1087 5.206000 -7.494000 -0.471000 8 1 
1088 5.200000 -7.266000 -0.457000 8 1 
1089 5.230000 -7.071000 -0.446000 8 1 
1090 5.272000 -6.920000 -0.439000 8 1 
1091 5.381000 -6.772000 -0.436000 8 1 
1092 5.628000 -6.837000 -0.451000 8 1 
1093 5.594000 -6.521000 -0.431000 8 1 
1094 5.719000 -6.478000 -0.435000 8 1 
1095 5.867000 -6.439000 -0.440000 8 1 
1096 6.015000 -6.417000 -0.446000 8 1 
1097 6.257000 -6.406000 -0.458000 8 1 
1098 6.539000 -6.426000 -0.474000 8 1 
1099 11.989000 -11.212000 -1.008000 21 1 
1100 12.180000 -11.072000 -1.011000 21 1 
1101 11.406000 -10.016000 -0.917000 21 1 
1102 11.408000 -9.737000 -0.904000 21 1 
1103 6.754000 -5.615000 -0.446000 8 1 
1104 11.445000 -9.192000 -0.880000 21 1 
1105 11.419000 -8.910000 -0.866000 21 1 
1106 11.429000 -8.661000 -0.855000 21 1 
1107 11.311000 -8.296000 -0.832000 21 1 
1108 4.175000 -2.993000 -0.177000 9 1 
1109 11.410000 -7.882000 -0.820000 21 1 
1110 11.392000 -7.635000 -0.809000 21 1 
1111 11.442000 -7.410000 -0.803000 21 1 
1112 9.147000 -5.708000 -0.593000 21 1 
1113 11.455000 -6.919000 -0.785000 21 1 
1114 11.500000 -6.726000 -0.780000 21 1 
1115 11.577000 -6.529000 -0.778000 21 1 
1116 10.423000 -5.689000 -0.673000 21 1 
1117 11.905000 -6.277000 -0.790000 21 1 
1118 12.366000 -6.249000 -0.819000 21 1 
1119 15.815000 -7.644000 -1.093000 21 1 
1120 16.033001 -7.440000 -1.101000 21 1 
1121 12.900000 -5.772000 -0.840000 21 1 
1122 8.342000 -3.602000 -0.468000 42 1 
1123 9.234000 -3.695000 -0.531000 42 1 
1124 9.229000 -3.477000 -0.525000 42 1 
1125 9.204000 -3.320000 -0.519000 42 1 
1126 10.037000 -3.458000 -0.581000 42 1 
1127 9.975000 -3.263000 -0.572000 42 1 
1128 9.201000 -2.805000 -0.507000 42 1 
1129 8.668000 -2.438000 -0.462000 42 1 
1130 10.070000 -2.657000 -0.566000 42 1 
1131 9.516000 -2.369000 -0.521000 42 1 
1132 16.650999 -3.520000 -1.053000 13 1 
1133 16.747999 -3.240000 -1.056000 13 1 
1134 16.546000 5.182000 -1.190000 35 1 
1135 13.201000 5.309000 -0.940000 35 1 
1136 12.877000 5.488000 -0.922000 35 1 
1137 12.840000 5.688000 -0.926000 35 1 
1138 12.860000 5.915000 -0.934000 35 1 
1139 11.643000 5.581000 -0.835000 35 1 
1140 11.652000 5.789000 -0.843000 35 1 
1141 11.654000 5.997000 -0.850000 35 1 
1142 6.703000 9.787000 -0.751000 6 1 
1143 6.370000 9.622000 -0.725000 6 1 
1144 6.213000 9.679000 -0.722000 6 1 
1145 6.013000 9.666000 -0.712000 6 1 
1146 5.866000 9.735000 -0.711000 6 1 
1147 5.714000 9.828000 -0.711000 6 1 
1148 5.399000 9.922000 -0.705000 6 1 
1149 5.210000 -9.811000 -0.690000 8 1 
1150 5.169000 -9.373000 -0.658000 8 1 
1151 5.162000 -9.055000 -0.635000 8 1 
1152 5.169000 -8.775000 -0.616000 8 1 
1153 5.165000 -8.489000 -0.596000 8 1 
1154 5.175000 -8.213000 -0.578000 8 1 
1155 5.193000 -7.986000 -0.563000 8 1 
1156 5.179000 -7.723000 -0.545000 8 1 
1157 5.171000 -7.480000 -0.528000 8 1 
1158 5.172000 -7.233000 -0.512000 8 1 
1159 5.185000 -7.039000 -0.500000 8 1 
1160 5.208000 -6.865000 -0.490000 8 1 
1161 5.295000 -6.755000 -0.487000 8 1 
1162 5.749000 -6.750000 -0.510000 8 1 
1163 6.129000 -6.382000 -0.509000 8 1 
1164 6.291000 -6.348000 -0.516000 8 1 
1165 6.654000 -6.386000 -0.539000 8 1 
1166 11.423000 -10.648000 -1.052000 21 1 
1167 11.603000 -10.514000 -1.055000 21 1 
1168 11.370000 -10.012000 -1.014000 21 1 
1169 11.395000 -9.752000 -1.002000 21 1 
1170 12.133000 -9.995000 -1.060000 21 1 
1171 12.298000 -9.842000 -1.063000 21 1 
1172 12.289000 -9.552000 -1.048000 21 1 
1173 11.447000 -8.638000 -0.949000 21 1 
1174 4.141000 -3.004000 -0.209000 9 1 
1175 4.159000 -2.928000 -0.207000 9 1 
1176 11.392000 -7.835000 -0.908000 21 1 
1177 11.283000 -7.526000 -0.887000 21 1 
1178 11.393000 -7.293000 -0.884000 21 1 
1179 9.116000 -5.649000 -0.659000 21 1 
1180 11.411000 -6.808000 -0.865000 21 1 
1181 11.485000 -6.634000 -0.863000 21 1 
1182 11.678000 -6.480000 -0.870000 21 1 
1183 11.856000 -6.337000 -0.877000 21 1 
1184 12.324000 -6.316000 -0.910000 21 1 
1185 14.923000 -7.274000 -1.131000 21 1 
1186 15.073000 -7.085000 -1.135000 21 1 
1187 12.843000 -5.812000 -0.930000 21 1 
1188 9.182000 -3.306000 -0.582000 42 1 
1189 9.172000 -3.124000 -0.576000 42 1 
1190 9.182000 -2.968000 -0.573000 42 1 
1191 8.377000 -2.417000 -0.498000 42 1 
1192 10.136000 -2.335000 -0.633000 42 1 
1193 16.698999 -3.206000 -1.163000 13 1 
1194 16.107000 5.095000 -1.251000 35 1 
1195 15.068000 5.106000 -1.167000 35 1 
1196 12.960000 5.364000 -1.005000 35 1 
1197 12.865000 5.563000 -1.004000 35 1 
1198 12.877000 5.835000 -1.014000 35 1 
1199 12.844000 6.040000 -1.019000 35 1 
1200 13.083000 6.381000 -1.050000 35 1 
1201 12.624000 6.479000 -1.019000 35 1 
1202 11.523000 6.567000 -0.939000 35 1 
1203 11.129000 6.552000 -0.909000 35 1 
1204 4.948000 5.998000 -0.467000 53 1 
1205 4.809000 6.000000 -0.460000 53 1 
1206 4.675000 6.004000 -0.453000 53 1 
1207 4.567000 6.060000 -0.451000 53 1 
1208 4.461000 6.096000 -0.448000 53 1 
1209 4.379000 6.165000 -0.449000 53 1 
1210 4.303000 6.264000 -0.452000 53 1 
1211 4.260000 6.394000 -0.459000 53 1 
1212 6.135000 9.587000 -0.777000 6 1 
1213 6.020000 9.706000 -0.781000 6 1 
1214 5.844000 9.762000 -0.777000 6 1 
1215 5.648000 9.744000 -0.767000 6 1 
1216 5.529000 9.857000 -0.771000 6 1 
1217 5.414000 9.980000 -0.775000 6 1 
1218 5.206000 -9.703000 -0.746000 8 1 
1219 5.154000 -9.289000 -0.712000 8 1 
1220 5.164000 -8.974000 -0.689000 8 1 
1221 5.165000 -8.690000 -0.668000 8 1 
1222 5.173000 -8.431000 -0.649000 8 1 
1223 5.176000 -8.175000 -0.631000 8 1 
1224 5.195000 -7.928000 -0.614000 8 1 
1225 5.190000 -7.683000 -0.596000 8 1 
1226 5.178000 -7.437000 -0.578000 8 1 
1227 5.190000 -7.211000 -0.563000 8 1 
1228 5.192000 -7.003000 -0.548000 8 1 
1229 5.225000 -6.844000 -0.539000 8 1 
1230 5.412000 -6.796000 -0.546000 8 1 
1231 5.459000 -6.617000 -0.536000 8 1 
1232 5.715000 -6.379000 -0.535000 8 1 
1233 5.848000 -6.344000 -0.541000 8 1 
1234 6.067000 -6.337000 -0.553000 8 1 
1235 5.484000 -5.537000 -0.469000 8 1 
1236 6.473000 -6.308000 -0.576000 8 1 
1237 10.878000 -10.282000 -1.086000 21 1 
1238 11.015000 -10.121000 -1.085000 21 1 
1239 11.179000 -9.952000 -1.086000 21 1 
1240 11.315000 -9.790000 -1.085000 21 1 
1241 6.691000 -5.604000 -0.549000 8 1 
1242 11.625000 -9.436000 -1.086000 21 1 
1243 11.770000 -9.281000 -1.087000 21 1 
1244 11.941000 -9.115000 -1.090000 21 1 
1245 12.075000 -8.950000 -1.091000 21 1 
1246 4.148000 -3.006000 -0.239000 9 1 
1247 4.198000 -2.943000 -0.240000 9 1 
1248 11.445000 -7.730000 -0.986000 21 1 
1249 11.478000 -7.519000 -0.979000 21 1 
1250 11.416000 -7.199000 -0.959000 21 1 
1251 11.366000 -6.946000 -0.944000 21 1 
1252 11.460000 -6.759000 -0.943000 21 1 
1253 11.546000 -6.591000 -0.942000 21 1 
1254 10.386000 -5.739000 -0.819000 21 1 
1255 11.834000 -6.295000 -0.951000 21 1 
1256 12.128000 -6.232000 -0.971000 21 1 
1257 11.640000 -5.731000 -0.914000 21 1 
1258 14.273000 -6.772000 -1.157000 21 1 
1259 14.438000 -6.601000 -1.164000 21 1 
1260 8.303000 -3.621000 -0.578000 42 1 
1261 8.376000 -2.446000 -0.549000 42 1 
1262 10.000000 -2.728000 -0.690000 42 1 
1263 9.221000 -2.348000 -0.617000 42 1 
1264 10.413000 -2.320000 -0.716000 42 1 
1265 11.292000 -2.346000 -0.790000 42 1 
1266 16.605000 -3.085000 -1.251000 13 1 
1267 13.042000 5.215000 -1.090000 35 1 
1268 12.768000 5.363000 -1.072000 35 1 
1269 12.831000 5.604000 -1.086000 35 1 
1270 12.730000 5.873000 -1.088000 35 1 
1271 11.506000 5.531000 -0.972000 35 1 
1272 11.654000 5.806000 -0.996000 35 1 
1273 11.641000 6.006000 -1.003000 35 1 
1274 11.635000 6.236000 -1.012000 35 1 
1275 11.666000 6.466000 -1.025000 35 1 
1276 11.392000 6.527000 -1.006000 35 1 
1277 11.010000 6.518000 -0.975000 35 1 
1278 10.580000 6.513000 -0.941000 35 1 
1279 5.744000 9.693000 -0.835000 6 1 
1280 5.578000 9.760000 -0.832000 6 1 
1281 5.423000 9.808000 -0.829000 6 1 
1282 5.344000 9.996000 -0.841000 6 1 
1283 5.177000 -9.227000 -0.772000 8 1 
1284 5.143000 -8.868000 -0.741000 8 1 
1285 5.141000 -8.580000 -0.718000 8 1 
1286 5.139000 -8.308000 -0.697000 8 1 
1287 5.172000 -8.074000 -0.680000 8 1 
1288 5.167000 -7.820000 -0.661000 8 1 
1289 5.173000 -7.591000 -0.643000 8 1 
1290 5.149000 -7.331000 -0.623000 8 1 
1291 5.179000 -7.132000 -0.609000 8 1 
1292 5.166000 -6.906000 -0.592000 8 1 
1293 5.199000 -6.748000 -0.582000 8 1 
1294 5.234000 -6.597000 -0.573000 8 1 
1295 5.329000 -6.464000 -0.569000 8 1 
1296 5.407000 -6.373000 -0.567000 8 1 
1297 5.516000 -6.318000 -0.570000 8 1 
1298 5.656000 -6.296000 -0.577000 8 1 
1299 5.798000 -6.255000 -0.583000 8 1 
1300 5.948000 -6.237000 -0.591000 8 1 
1301 5.424000 -5.525000 -0.511000 8 1 
1302 6.311000 -6.255000 -0.616000 8 1 
1303 10.496000 -9.760000 -1.116000 21 1 
1304 10.651000 -9.626000 -1.119000 21 1 
1305 10.778000 -9.468000 -1.118000 21 1 
1306 10.921000 -9.294000 -1.117000 21 1 
1307 11.094000 -9.115000 -1.119000 21 1 
1308 11.221000 -8.958000 -1.119000 21 1 
1309 11.371000 -8.816000 -1.121000 21 1 
1310 11.535000 -8.657000 -1.125000 21 1 
1311 4.121000 -2.982000 -0.267000 9 1 
1312 11.838000 -8.317000 -1.129000 21 1 
1313 11.971000 -8.160000 -1.131000 21 1 
1314 12.115000 -8.010000 -1.134000 21 1 
1315 11.406000 -7.284000 -1.043000 21 1 
1316 9.099000 -5.625000 -0.782000 21 1 
1317 11.492000 -6.889000 -1.031000 21 1 
1318 13.038000 -7.059000 -1.162000 21 1 
1319 13.188000 -6.901000 -1.167000 21 1 
1320 13.364000 -6.728000 -1.174000 21 1 
1321 13.511000 -6.565000 -1.180000 21 1 
1322 13.685000 -6.412000 -1.188000 21 1 
1323 8.325000 -3.715000 -0.637000 42 1 
1324 8.209000 -3.509000 -0.620000 42 1 
1325 8.308000 -2.387000 -0.594000 42 1 
1326 13.474000 5.170000 -1.217000 35 1 
1327 13.032000 5.212000 -1.178000 35 1 
1328 12.825000 5.436000 -1.168000 35 1 
1329 12.806000 5.642000 -1.174000 35 1 
1330 12.793000 5.879000 -1.183000 35 1 
1331 11.223000 5.434000 -1.024000 35 1 
1332 10.780000 5.408000 -0.984000 35 1 
1333 10.317000 5.400000 -0.943000 35 1 
1334 11.647000 6.311000 -1.101000 35 1 
1335 11.629000 6.516000 -1.109000 35 1 
1336 11.268000 6.548000 -1.080000 35 1 
1337 10.900000 6.541000 -1.048000 35 1 
1338 10.551000 6.536000 -1.019000 35 1 
1339 10.203000 6.543000 -0.990000 35 1 
1340 5.004000 5.502000 -0.530000 53 1 
1341 4.851000 5.505000 -0.520000 53 1 
1342 4.718000 5.508000 -0.512000 53 1 
1343 4.575000 5.496000 -0.502000 53 1 
1344 4.459000 5.513000 -0.496000 53 1 
1345 4.329000 5.528000 -0.489000 53 1 
1346 4.199000 5.520000 -0.481000 53 1 
1347 4.093000 5.542000 -0.476000 53 1 
1348 5.468000 9.796000 -0.902000 6 1 
1349 5.352000 9.916000 -0.907000 6 1 
1350 5.130000 -9.132000 -0.829000 8 1 
1351 5.133000 -8.812000 -0.801000 8 1 
1352 5.112000 -8.500000 -0.774000 8 1 
1353 5.102000 -8.219000 -0.750000 8 1 
1354 5.117000 -7.989000 -0.732000 8 1 
1355 5.142000 -7.759000 -0.714000 8 1 
1356 5.133000 -7.513000 -0.693000 8 1 
1357 5.216000 -7.407000 -0.689000 8 1 
1358 5.363000 -7.392000 -0.697000 8 1 
1359 5.153000 -6.830000 -0.640000 8 1 
1360 5.199000 -6.649000 -0.629000 8 1 
1361 5.247000 -6.519000 -0.622000 8 1 
1362 5.326000 -6.429000 -0.620000 8 1 
1363 5.422000 -6.340000 -0.619000 8 1 
1364 5.550000 -6.306000 -0.625000 8 1 
1365 5.703000 -6.298000 -0.634000 8 1 
1366 5.922000 -6.356000 -0.653000 8 1 
1367 6.075000 -6.318000 -0.661000 8 1 
1368 6.303000 -6.332000 -0.677000 8 1 
1369 6.410000 -6.260000 -0.680000 8 1 
1370 9.935000 -9.354000 -1.140000 21 1 
1371 10.062000 -9.208000 -1.139000 21 1 
1372 10.224000 -9.066000 -1.142000 21 1 
1373 10.362000 -8.930000 -1.143000 21 1 
1374 6.623000 -5.559000 -0.649000 8 1 
1375 10.614000 -8.636000 -1.144000 21 1 
1376 10.770000 -8.485000 -1.146000 21 1 
1377 10.887000 -8.331000 -1.146000 21 1 
1378 11.025000 -8.192000 -1.149000 21 1 
1379 4.075000 -2.960000 -0.294000 9 1 
1380 11.302000 -7.885000 -1.153000 21 1 
1381 11.443000 -7.746000 -1.157000 21 1 
1382 11.573000 -7.597000 -1.160000 21 1 
1383 11.353000 -7.201000 -1.120000 21 1 
1384 11.338000 -6.969000 -1.107000 21 1 
1385 12.001000 -7.143000 -1.171000 21 1 
1386 12.144000 -6.997000 -1.176000 21 1 
1387 12.301000 -6.833000 -1.182000 21 1 
1388 12.407000 -6.664000 -1.183000 21 1 
1389 12.574000 -6.526000 -1.191000 21 1 
1390 12.733000 -6.381000 -1.199000 21 1 
1391 12.855000 -6.192000 -1.201000 21 1 
1392 13.091000 -6.079000 -1.217000 21 1 
1393 8.250000 -3.670000 -0.687000 42 1 
1394 8.177000 -3.500000 -0.673000 42 1 
1395 8.166000 -3.345000 -0.666000 42 1 
1396 8.166000 -3.211000 -0.662000 42 1 
1397 8.179000 -3.083000 -0.658000 42 1 
1398 8.188000 -2.955000 -0.655000 42 1 
1399 8.183000 -2.809000 -0.649000 42 1 
1400 8.202000 -2.687000 -0.647000 42 1 
1401 8.232000 -2.568000 -0.647000 42 1 
1402 8.294000 -2.403000 -0.648000 42 1 
1403 8.483000 -2.328000 -0.664000 42 1 
1404 8.864000 -2.282000 -0.699000 42 1 
1405 9.315000 -2.257000 -0.741000 42 1 
1406 9.956000 -2.262000 -0.803000 42 1 
1407 10.820000 -2.278000 -0.886000 42 1 
1408 13.341000 5.153000 -1.292000 35 1 
1409 12.936000 5.208000 -1.255000 35 1 
1410 12.852000 5.387000 -1.254000 35 1 
1411 12.797000 5.601000 -1.258000 35 1 
1412 12.804000 5.821000 -1.268000 35 1 
1413 11.358000 5.406000 -1.113000 35 1 
1414 10.988000 5.422000 -1.079000 35 1 
1415 10.580000 5.430000 -1.041000 35 1 
1416 10.168000 5.403000 -1.002000 35 1 
1417 9.831000 5.404000 -0.971000 35 1 
1418 11.513000 6.537000 -1.182000 35 1 
1419 11.126000 6.551000 -1.147000 35 1 
1420 10.750000 6.536000 -1.113000 35 1 
1421 10.417000 6.538000 -1.083000 35 1 
1422 10.081000 6.528000 -1.053000 35 1 
1423 9.613000 6.443000 -1.008000 35 1 
1424 5.056000 5.464000 -0.577000 53 1 
1425 4.919000 5.470000 -0.568000 53 1 
1426 4.758000 5.462000 -0.556000 53 1 
1427 4.449000 5.480000 -0.537000 53 1 
1428 4.321000 5.478000 -0.528000 53 1 
1429 4.199000 5.482000 -0.521000 53 1 
1430 4.079000 5.503000 -0.515000 53 1 
1431 5.452000 9.915000 -0.981000 6 1 
1432 4.561000 9.935000 -0.941000 6 1 
1433 5.144000 -8.886000 -0.871000 8 1 
1434 5.135000 -8.586000 -0.844000 8 1 
1435 5.137000 -8.320000 -0.820000 8 1 
1436 5.130000 -8.021000 -0.794000 8 1 
1437 5.135000 -7.783000 -0.773000 8 1 
1438 5.146000 -7.565000 -0.755000 8 1 
1439 5.212000 -7.408000 -0.745000 8 1 
1440 5.157000 -7.113000 -0.717000 8 1 
1441 5.188000 -6.946000 -0.705000 8 1 
1442 4.228000 -5.488000 -0.523000 54 1 
1443 5.228000 -6.579000 -0.677000 8 1 
1444 5.280000 -6.455000 -0.670000 8 1 
1445 5.365000 -6.372000 -0.669000 8 1 
1446 5.449000 -6.290000 -0.668000 8 1 
1447 5.601000 -6.265000 -0.677000 8 1 
1448 5.827000 -6.336000 -0.698000 8 1 
1449 5.955000 -6.293000 -0.704000 8 1 
1450 5.422000 -5.550000 -0.610000 8 1 
1451 6.231000 -6.205000 -0.718000 8 1 
1452 6.412000 -6.207000 -0.731000 8 1 
1453 9.543000 -8.940000 -1.165000 21 1 
1454 9.672000 -8.808000 -1.165000 21 1 
1455 9.814000 -8.659000 -1.166000 21 1 
1456 9.944000 -8.527000 -1.167000 21 1 
1457 10.053000 -8.377000 -1.166000 21 1 
1458 10.205000 -8.236000 -1.169000 21 1 
1459 10.336000 -8.103000 -1.171000 21 1 
1460 10.466000 -7.968000 -1.173000 21 1 
1461 4.088000 -3.002000 -0.329000 9 1 
1462 4.152000 -2.950000 -0.331000 9 1 
1463 10.888000 -7.507000 -1.180000 21 1 
1464 11.007000 -7.361000 -1.182000 21 1 
1465 11.154000 -7.234000 -1.187000 21 1 
1466 9.080000 -5.682000 -0.918000 21 1 
1467 11.416000 -6.929000 -1.194000 21 1 
1468 11.493000 -6.755000 -1.191000 21 1 
1469 11.658000 -6.632000 -1.200000 21 1 
1470 10.347000 -5.670000 -1.031000 21 1 
1471 11.922000 -6.320000 -1.208000 21 1 
1472 12.053000 -6.172000 -1.213000 21 1 
1473 11.810000 -5.838000 -1.175000 21 1 
1474 12.453000 -5.915000 -1.239000 21 1 
1475 12.692000 -5.811000 -1.257000 21 1 
1476 8.197000 -3.604000 -0.734000 42 1 
1477 8.171000 -3.455000 -0.726000 42 1 
1478 8.170000 -3.304000 -0.720000 42 1 
1479 8.176000 -3.172000 -0.715000 42 1 
1480 8.182000 -3.042000 -0.711000 42 1 
1481 8.194000 -2.901000 -0.707000 42 1 
1482 8.226000 -2.782000 -0.706000 42 1 
1483 8.251000 -2.661000 -0.705000 42 1 
1484 8.281000 -2.542000 -0.704000 42 1 
1485 8.323000 -2.413000 -0.704000 42 1 
1486 8.426000 -2.314000 -0.712000 42 1 
1487 8.771000 -2.277000 -0.746000 42 1 
1488 9.210000 -2.254000 -0.789000 42 1 
1489 9.766000 -2.229000 -0.845000 42 1 
1490 10.808000 -2.274000 -0.953000 42 1 
1491 11.948000 -2.341000 -1.071000 42 1 
1492 11.593000 5.452000 -1.221000 35 1 
1493 11.114000 5.440000 -1.173000 35 1 
1494 10.708000 5.430000 -1.132000 35 1 
1495 10.366000 5.442000 -1.099000 35 1 
1496 10.013000 5.437000 -1.064000 35 1 
1497 9.639000 5.431000 -1.027000 35 1 
1498 9.561000 5.567000 -1.027000 35 1 
1499 9.577000 5.759000 -1.040000 35 1 
1500 9.591000 5.954000 -1.052000 35 1 
1501 9.591000 6.165000 -1.065000 35 1 
1502 9.601000 6.365000 -1.078000 35 1 
1503 9.577000 6.546000 -1.087000 35 1 
1504 4.190000 5.521000 -0.569000 53 1 
1505 5.247000 9.973000 -1.050000 6 1 
1506 5.183000 -8.874000 -0.940000 8 1 
1507 5.174000 -8.579000 -0.911000 8 1 
1508 5.174000 -8.313000 -0.886000 8 1 
1509 5.187000 -8.049000 -0.862000 8 1 
1510 5.171000 -7.781000 -0.836000 8 1 
1511 5.190000 -7.576000 -0.819000 8 1 
1512 5.182000 -7.244000 -0.788000 8 1 
1513 5.205000 -7.063000 -0.773000 8 1 
1514 5.195000 -6.825000 -0.751000 8 1 
1515 5.236000 -6.680000 -0.742000 8 1 
1516 5.273000 -6.536000 -0.732000 8 1 
1517 5.354000 -6.447000 -0.730000 8 1 
1518 5.461000 -6.330000 -0.727000 8 1 
1519 5.575000 -6.280000 -0.732000 8 1 
1520 5.715000 -6.257000 -0.740000 8 1 
1521 5.945000 -6.287000 -0.760000 8 1 
1522 6.143000 -6.314000 -0.777000 8 1 
1523 6.382000 -6.296000 -0.794000 8 1 
1524 6.539000 -6.251000 -0.804000 8 1 
1525 9.222000 -8.557000 -1.196000 21 1 
1526 9.362000 -8.443000 -1.198000 21 1 
1527 9.483000 -8.285000 -1.197000 21 1 
1528 9.588000 -8.141000 -1.195000 21 1 
1529 9.730000 -8.028000 -1.199000 21 1 
1530 9.855000 -7.899000 -1.201000 21 1 
1531 9.986000 -7.750000 -1.202000 21 1 
1532 10.113000 -7.622000 -1.205000 21 1 
1533 10.239000 -7.492000 -1.207000 21 1 
1534 4.154000 -2.969000 -0.367000 9 1 
1535 10.493000 -7.207000 -1.212000 21 1 
1536 10.635000 -7.085000 -1.218000 21 1 
1537 10.739000 -6.938000 -1.218000 21 1 
1538 9.100000 -5.703000 -0.991000 21 1 
1539 10.974000 -6.634000 -1.222000 21 1 
1540 11.091000 -6.492000 -1.225000 21 1 
1541 11.207000 -6.349000 -1.229000 21 1 
1542 11.325000 -6.183000 -1.231000 21 1 
1543 11.510000 -6.074000 -1.244000 21 1 
1544 11.679000 -5.954000 -1.254000 21 1 
1545 11.877000 -5.844000 -1.268000 21 1 
1546 12.019000 -5.681000 -1.275000 21 1 
1547 12.200000 -5.556000 -1.287000 21 1 
1548 8.208000 -3.609000 -0.795000 42 1 
1549 8.207000 -3.471000 -0.789000 42 1 
1550 8.202000 -3.318000 -0.781000 42 1 
1551 8.209000 -3.187000 -0.777000 42 1 
1552 8.188000 -3.046000 -0.769000 42 1 
1553 8.196000 -2.918000 -0.765000 42 1 
1554 8.292000 -2.806000 -0.771000 42 1 
1555 8.261000 -2.666000 -0.763000 42 1 
1556 8.301000 -2.550000 -0.763000 42 1 
1557 8.566000 -2.484000 -0.789000 42 1 
1558 8.410000 -2.311000 -0.768000 42 1 
1559 8.754000 -2.272000 -0.803000 42 1 
1560 9.220000 -2.253000 -0.853000 42 1 
1561 10.008000 -2.261000 -0.938000 42 1 
1562 10.923000 -2.286000 -1.038000 42 1 
1563 11.429000 5.408000 -1.280000 35 1 
1564 10.568000 5.207000 -1.179000 35 1 
1565 10.375000 5.296000 -1.164000 35 1 
1566 10.224000 5.402000 -1.154000 35 1 
1567 9.905000 5.415000 -1.122000 35 1 
1568 9.535000 5.450000 -1.086000 35 1 
1569 9.559000 5.644000 -1.100000 35 1 
1570 9.568000 5.833000 -1.112000 35 1 
1571 9.577000 6.025000 -1.125000 35 1 
1572 9.543000 6.215000 -1.133000 35 1 
1573 9.549000 6.457000 -1.150000 35 1 
1574 5.321000 5.477000 -0.694000 53 1 
1575 5.129000 5.432000 -0.675000 53 1 
1576 5.389000 6.556000 -0.794000 53 1 
1577 4.243000 5.460000 -0.610000 53 1 
1578 4.111000 9.908000 -1.056000 6 1 
1579 5.184000 -8.872000 -1.003000 8 1 
1580 5.165000 -8.558000 -0.970000 8 1 
1581 5.173000 -8.273000 -0.943000 8 1 
1582 5.167000 -8.009000 -0.916000 8 1 
1583 5.167000 -7.764000 -0.892000 8 1 
1584 5.172000 -7.538000 -0.870000 8 1 
1585 5.180000 -7.300000 -0.848000 8 1 
1586 5.179000 -7.083000 -0.827000 8 1 
1587 5.201000 -6.905000 -0.812000 8 1 
1588 4.270000 -5.497000 -0.615000 54 1 
1589 5.259000 -6.564000 -0.785000 8 1 
1590 5.308000 -6.437000 -0.777000 8 1 
1591 5.397000 -6.359000 -0.777000 8 1 
1592 5.491000 -6.268000 -0.776000 8 1 
1593 5.613000 -6.227000 -0.782000 8 1 
1594 5.818000 -6.235000 -0.799000 8 1 
1595 5.991000 -6.241000 -0.813000 8 1 
1596 6.198000 -6.239000 -0.830000 8 1 
1597 6.377000 -6.221000 -0.843000 8 1 
1598 8.794000 -8.247000 -1.212000 21 1 
1599 8.909000 -8.122000 -1.212000 21 1 
1600 9.022000 -7.994000 -1.211000 21 1 
1601 9.137000 -7.868000 -1.212000 21 1 
1602 6.712000 -5.589000 -0.823000 8 1 
1603 9.398000 -7.617000 -1.216000 21 1 
1604 9.518000 -7.493000 -1.218000 21 1 
1605 9.629000 -7.363000 -1.219000 21 1 
1606 9.708000 -7.184000 -1.214000 21 1 
1607 4.160000 -2.970000 -0.399000 9 1 
1608 10.030000 -6.946000 -1.229000 21 1 
1609 10.141000 -6.813000 -1.230000 21 1 
1610 10.271000 -6.669000 -1.234000 21 1 
1611 10.365000 -6.523000 -1.234000 21 1 
1612 10.481000 -6.391000 -1.237000 21 1 
1613 10.584000 -6.251000 -1.239000 21 1 
1614 10.710000 -6.100000 -1.243000 21 1 
1615 10.366000 -5.711000 -1.186000 21 1 
1616 11.038000 -5.881000 -1.264000 21 1 
1617 11.213000 -5.772000 -1.277000 21 1 
1618 11.395000 -5.641000 -1.289000 21 1 
1619 11.558000 -5.520000 -1.300000 21 1 
1620 8.244000 -3.631000 -0.855000 42 1 
1621 8.225000 -3.485000 -0.846000 42 1 
1622 8.240000 -3.324000 -0.840000 42 1 
1623 8.210000 -3.178000 -0.831000 42 1 
1624 8.184000 -3.035000 -0.822000 42 1 
1625 8.221000 -2.902000 -0.821000 42 1 
1626 8.214000 -2.770000 -0.815000 42 1 
1627 8.249000 -2.652000 -0.815000 42 1 
1628 8.273000 -2.517000 -0.813000 42 1 
1629 8.321000 -2.404000 -0.814000 42 1 
1630 8.413000 -2.302000 -0.821000 42 1 
1631 8.764000 -2.267000 -0.860000 42 1 
1632 9.248000 -2.239000 -0.914000 42 1 
1633 10.095000 -2.262000 -1.011000 42 1 
1634 11.049000 -2.315000 -1.122000 42 1 
1635 10.899000 5.375000 -1.293000 35 1 
1636 10.335000 5.299000 -1.227000 35 1 
1637 10.246000 5.438000 -1.225000 35 1 
1638 9.795000 5.417000 -1.175000 35 1 
1639 9.575000 5.473000 -1.155000 35 1 
1640 9.576000 5.675000 -1.167000 35 1 
1641 9.576000 5.860000 -1.179000 35 1 
1642 9.580000 6.050000 -1.192000 35 1 
1643 9.585000 6.245000 -1.205000 35 1 
1644 9.584000 6.461000 -1.220000 35 1 
1645 5.367000 5.485000 -0.743000 53 1 
1646 5.192000 5.458000 -0.726000 53 1 
1647 5.484000 6.610000 -0.855000 53 1 
1648 4.551000 5.640000 -0.690000 53 1 
1649 4.267000 5.477000 -0.653000 53 1 
1650 5.037000 6.710000 -0.831000 53 1 
1651 4.274000 9.689000 -1.101000 6 1 
1652 4.189000 9.873000 -1.117000 6 1 
1653 5.210000 -8.765000 -1.053000 8 1 
1654 5.219000 -8.505000 -1.026000 8 1 
1655 5.192000 -8.199000 -0.992000 8 1 
1656 5.188000 -7.944000 -0.966000 8 1 
1657 5.205000 -7.704000 -0.942000 8 1 
1658 5.244000 -7.530000 -0.927000 8 1 
1659 5.219000 -7.274000 -0.900000 8 1 
1660 5.222000 -7.020000 -0.875000 8 1 
1661 4.266000 -5.559000 -0.661000 54 1 
1662 5.261000 -6.650000 -0.842000 8 1 
1663 5.312000 -6.523000 -0.834000 8 1 
1664 5.386000 -6.426000 -0.830000 8 1 
1665 5.476000 -6.328000 -0.828000 8 1 
1666 5.588000 -6.277000 -0.833000 8 1 
1667 5.736000 -6.262000 -0.843000 8 1 
1668 5.867000 -6.226000 -0.851000 8 1 
1669 6.052000 -6.222000 -0.866000 8 1 
1670 6.450000 -6.404000 -0.917000 8 1 
1671 6.578000 -6.270000 -0.916000 8 1 
1672 8.556000 -7.918000 -1.232000 21 1 
1673 8.667000 -7.796000 -1.232000 21 1 
1674 8.813000 -7.680000 -1.236000 21 1 
1675 8.928000 -7.561000 -1.237000 21 1 
1676 9.028000 -7.429000 -1.236000 21 1 
1677 9.150000 -7.316000 -1.239000 21 1 
1678 9.278000 -7.182000 -1.241000 21 1 
1679 9.389000 -7.057000 -1.243000 21 1 
1680 9.511000 -6.941000 -1.246000 21 1 
1681 4.201000 -2.994000 -0.434000 9 1 
1682 9.726000 -6.662000 -1.248000 21 1 
1683 9.839000 -6.537000 -1.251000 21 1 
1684 9.944000 -6.406000 -1.253000 21 1 
1685 9.135000 -5.706000 -1.123000 21 1 
1686 10.156000 -6.122000 -1.257000 21 1 
1687 10.312000 -6.018000 -1.267000 21 1 
1688 10.448000 -5.901000 -1.274000 21 1 
1689 10.618000 -5.779000 -1.285000 21 1 
1690 10.786000 -5.674000 -1.297000 21 1 
1691 8.284000 -3.768000 -0.918000 42 1 
1692 8.248000 -3.612000 -0.906000 42 1 
1693 8.267000 -3.482000 -0.902000 42 1 
1694 8.185000 -3.268000 -0.883000 42 1 
1695 8.186000 -3.135000 -0.877000 42 1 
1696 8.242000 -3.023000 -0.879000 42 1 
1697 8.183000 -2.871000 -0.865000 42 1 
1698 8.303000 -2.767000 -0.875000 42 1 
1699 8.287000 -2.604000 -0.867000 42 1 
1700 8.334000 -2.490000 -0.869000 42 1 
1701 8.152000 -2.312000 -0.841000 42 1 
1702 8.541000 -2.276000 -0.886000 42 1 
1703 8.969000 -2.254000 -0.936000 42 1 
1704 9.576000 -2.261000 -1.009000 42 1 
1705 10.389000 -2.296000 -1.107000 42 1 
1706 11.499000 -2.350000 -1.242000 42 1 
1707 10.242000 5.200000 -1.270000 35 1 
1708 10.252000 5.409000 -1.283000 35 1 
1709 9.901000 5.405000 -1.243000 35 1 
1710 9.535000 5.421000 -1.204000 35 1 
1711 9.543000 5.606000 -1.216000 35 1 
1712 9.566000 5.803000 -1.232000 35 1 
1713 9.568000 6.011000 -1.246000 35 1 
1714 9.574000 6.205000 -1.260000 35 1 
1715 9.566000 6.393000 -1.272000 35 1 
1716 5.304000 5.401000 -0.769000 53 1 
1717 4.934000 5.370000 -0.734000 53 1 
1718 4.558000 5.508000 -0.715000 53 1 
1719 4.472000 5.563000 -0.714000 53 1 
1720 4.196000 5.376000 -0.673000 53 1 
1721 4.847000 9.744000 -1.193000 6 1 
1722 4.565000 9.513000 -1.150000 6 1 
1723 4.455000 9.631000 -1.158000 6 1 
1724 4.287000 9.624000 -1.148000 6 1 
1725 4.129000 9.676000 -1.146000 6 1 
1726 5.771000 -9.862000 -1.262000 8 1 
1727 5.866000 -9.706000 -1.251000 8 1 
1728 5.180000 -8.267000 -1.049000 8 1 
1729 5.177000 -8.008000 -1.020000 8 1 
1730 5.174000 -7.759000 -0.994000 8 1 
1731 5.121000 -7.423000 -0.954000 8 1 
1732 5.175000 -7.279000 -0.943000 8 1 
1733 5.202000 -7.100000 -0.927000 8 1 
1734 5.184000 -6.869000 -0.901000 8 1 
1735 4.285000 -5.488000 -0.691000 54 1 
1736 5.252000 -6.542000 -0.874000 8 1 
1737 5.321000 -6.440000 -0.869000 8 1 
1738 5.425000 -6.381000 -0.872000 8 1 
1739 5.498000 -6.263000 -0.867000 8 1 
1740 5.643000 -6.248000 -0.878000 8 1 
1741 6.029000 -6.451000 -0.930000 8 1 
1742 6.073000 -6.316000 -0.922000 8 1 
1743 6.250000 -6.279000 -0.934000 8 1 
1744 6.402000 -6.233000 -0.944000 8 1 
1745 8.189000 -7.711000 -1.239000 21 1 
1746 8.294000 -7.592000 -1.239000 21 1 
1747 8.405000 -7.478000 -1.240000 21 1 
1748 8.523000 -7.346000 -1.240000 21 1 
1749 6.659000 -5.570000 -0.911000 8 1 
1750 8.748000 -7.120000 -1.243000 21 1 
1751 8.851000 -6.998000 -1.244000 21 1 
1752 8.981000 -6.874000 -1.247000 21 1 
1753 9.085000 -6.752000 -1.249000 21 1 
1754 4.110000 -2.948000 -0.448000 9 1 
1755 9.305000 -6.494000 -1.252000 21 1 
1756 9.401000 -6.365000 -1.253000 21 1 
1757 9.506000 -6.243000 -1.255000 21 1 
1758 9.600000 -6.112000 -1.256000 21 1 
1759 9.741000 -5.989000 -1.263000 21 1 
1760 9.886000 -5.887000 -1.272000 21 1 
1761 10.052000 -5.795000 -1.285000 21 1 
1762 10.213000 -5.697000 -1.296000 21 1 
1763 8.201000 -3.665000 -0.950000 42 1 
1764 8.183000 -3.518000 -0.940000 42 1 
1765 8.173000 -3.363000 -0.931000 42 1 
1766 8.199000 -3.239000 -0.928000 42 1 
1767 8.192000 -3.103000 -0.921000 42 1 
1768 8.178000 -2.965000 -0.913000 42 1 
1769 8.148000 -2.810000 -0.903000 42 1 
1770 8.234000 -2.711000 -0.910000 42 1 
1771 8.279000 -2.596000 -0.911000 42 1 
1772 8.289000 -2.471000 -0.907000 42 1 
1773 8.399000 -2.361000 -0.917000 42 1 
1774 8.539000 -2.271000 -0.931000 42 1 
1775 8.964000 -2.250000 -0.983000 42 1 
1776 9.543000 -2.254000 -1.055000 42 1 
1777 10.460000 -2.301000 -1.171000 42 1 
1778 9.586000 5.538000 -1.294000 35 1 
1779 5.305000 5.454000 -0.827000 53 1 
1780 4.917000 5.434000 -0.789000 53 1 
1781 5.394000 6.196000 -0.909000 53 1 
1782 4.652000 5.511000 -0.774000 53 1 
1783 4.566000 5.567000 -0.772000 53 1 
1784 4.500000 5.648000 -0.775000 53 1 
1785 4.226000 5.477000 -0.734000 53 1 
1786 4.181000 6.773000 -0.874000 53 1 
1787 4.649000 9.699000 -1.251000 6 1 
1788 4.479000 9.694000 -1.241000 6 1 
1789 4.261000 9.614000 -1.219000 6 1 
1790 4.139000 9.708000 -1.224000 6 1 
1791 4.015000 9.799000 -1.229000 6 1 
1792 5.547000 -9.498000 -1.284000 8 1 
1793 5.675000 -9.409000 -1.283000 8 1 
1794 5.800000 -9.316000 -1.281000 8 1 
1795 5.760000 -8.937000 -1.235000 8 1 
1796 5.213000 -7.848000 -1.072000 8 1 
1797 5.216000 -7.619000 -1.046000 8 1 
1798 5.220000 -7.399000 -1.022000 8 1 
1799 5.250000 -7.199000 -1.003000 8 1 
1800 5.231000 -6.920000 -0.971000 8 1 
1801 5.259000 -6.756000 -0.956000 8 1 
1802 5.285000 -6.596000 -0.941000 8 1 
1803 5.352000 -6.468000 -0.933000 8 1 
1804 5.485000 -6.442000 -0.942000 8 1 
1805 5.536000 -6.319000 -0.934000 8 1 
1806 5.705000 -6.328000 -0.950000 8 1 
1807 6.012000 -6.460000 -0.991000 8 1 
1808 6.137000 -6.410000 -0.998000 8 1 
1809 5.487000 -5.575000 -0.856000 8 1 
1810 6.384000 -6.281000 -1.009000 8 1 
1811 6.610000 -6.322000 -1.035000 8 1 
1812 7.972000 -7.405000 -1.268000 21 1 
1813 8.088000 -7.302000 -1.270000 21 1 
1814 8.203000 -7.175000 -1.271000 21 1 
1815 8.316000 -7.069000 -1.273000 21 1 
1816 8.419000 -6.954000 -1.274000 21 1 
1817 8.511000 -6.830000 -1.273000 21 1 
1818 8.636000 -6.710000 -1.276000 21 1 
1819 8.725000 -6.583000 -1.275000 21 1 
1820 8.726000 -6.393000 -1.260000 21 1 
1821 4.191000 -2.997000 -0.496000 9 1 
1822 9.029000 -6.209000 -1.279000 21 1 
1823 9.117000 -6.082000 -1.279000 21 1 
1824 9.218000 -5.962000 -1.281000 21 1 
1825 9.145000 -5.714000 -1.255000 21 1 
1826 8.316000 -3.799000 -1.034000 42 1 
1827 8.247000 -3.628000 -1.016000 42 1 
1828 8.222000 -3.479000 -1.005000 42 1 
1829 8.213000 -3.325000 -0.996000 42 1 
1830 8.223000 -3.194000 -0.991000 42 1 
1831 8.228000 -3.063000 -0.985000 42 1 
1832 8.251000 -2.925000 -0.982000 42 1 
1833 8.263000 -2.799000 -0.978000 42 1 
1834 8.268000 -2.671000 -0.973000 42 1 
1835 8.324000 -2.559000 -0.975000 42 1 
1836 8.351000 -2.425000 -0.974000 42 1 
1837 8.394000 -2.309000 -0.975000 42 1 
1838 8.753000 -2.274000 -1.021000 42 1 
1839 9.524000 -2.329000 -1.123000 42 1 
1840 10.185000 -2.286000 -1.209000 42 1 
1841 5.269000 5.391000 -0.869000 53 1 
1842 4.698000 5.489000 -0.825000 53 1 
1843 4.602000 5.552000 -0.823000 53 1 
1844 4.521000 5.613000 -0.822000 53 1 
1845 4.189000 5.391000 -0.768000 53 1 
1846 4.210000 9.591000 -1.285000 6 1 
1847 5.412000 -9.033000 -1.292000 8 1 
1848 5.548000 -8.938000 -1.291000 8 1 
1849 5.660000 -8.837000 -1.287000 8 1 
1850 5.787000 -8.760000 -1.288000 8 1 
1851 5.281000 -7.723000 -1.126000 8 1 
1852 5.200000 -7.376000 -1.079000 8 1 
1853 5.232000 -7.203000 -1.062000 8 1 
1854 5.196000 -6.944000 -1.029000 8 1 
1855 5.247000 -6.743000 -1.011000 8 1 
1856 5.274000 -6.583000 -0.996000 8 1 
1857 5.348000 -6.484000 -0.992000 8 1 
1858 5.434000 -6.402000 -0.990000 8 1 
1859 5.514000 -6.294000 -0.986000 8 1 
1860 5.631000 -6.246000 -0.992000 8 1 
1861 5.810000 -6.265000 -1.011000 8 1 
1862 5.952000 -6.239000 -1.022000 8 1 
1863 5.465000 -5.548000 -0.904000 8 1 
1864 7.466000 -7.288000 -1.279000 21 1 
1865 7.579000 -7.193000 -1.281000 21 1 
1866 7.680000 -7.085000 -1.281000 21 1 
1867 7.780000 -6.975000 -1.281000 21 1 
1868 7.896000 -6.859000 -1.282000 21 1 
1869 6.657000 -5.614000 -1.035000 8 1 
1870 8.088000 -6.634000 -1.283000 21 1 
1871 8.173000 -6.513000 -1.281000 21 1 
1872 8.282000 -6.390000 -1.283000 21 1 
1873 8.375000 -6.275000 -1.283000 21 1 
1874 4.155000 -3.006000 -0.528000 9 1 
1875 8.586000 -6.041000 -1.288000 21 1 
1876 8.680000 -5.926000 -1.290000 21 1 
1877 8.816000 -5.838000 -1.299000 21 1 
1878 8.247000 -3.725000 -1.083000 42 1 
1879 8.226000 -3.576000 -1.072000 42 1 
1880 8.193000 -3.410000 -1.058000 42 1 
1881 8.182000 -3.270000 -1.049000 42 1 
1882 8.185000 -3.137000 -1.043000 42 1 
1883 8.202000 -3.012000 -1.039000 42 1 
1884 8.219000 -2.872000 -1.034000 42 1 
1885 8.221000 -2.743000 -1.029000 42 1 
1886 8.255000 -2.625000 -1.028000 42 1 
1887 8.276000 -2.504000 -1.026000 42 1 
1888 8.319000 -2.374000 -1.026000 42 1 
1889 8.412000 -2.273000 -1.035000 42 1 
1890 9.497000 -2.299000 -1.185000 42 1 
1891 5.386000 5.392000 -0.915000 53 1 
1892 5.235000 5.390000 -0.899000 53 1 
1893 4.948000 5.408000 -0.872000 53 1 
1894 4.704000 5.512000 -0.860000 53 1 
1895 4.602000 5.567000 -0.857000 53 1 
1896 4.524000 5.633000 -0.857000 53 1 
1897 4.240000 5.434000 -0.809000 53 1 
1898 4.329000 5.752000 -0.853000 53 1 
1899 5.269000 -8.786000 -1.298000 8 1 
1900 5.401000 -8.694000 -1.297000 8 1 
1901 5.525000 -8.618000 -1.297000 8 1 
1902 5.637000 -8.526000 -1.295000 8 1 
1903 5.761000 -8.423000 -1.293000 8 1 
1904 5.214000 -7.401000 -1.124000 8 1 
1905 5.222000 -7.196000 -1.101000 8 1 
1906 5.209000 -6.969000 -1.073000 8 1 
1907 4.285000 -5.557000 -0.827000 54 1 
1908 5.311000 -6.681000 -1.049000 8 1 
1909 5.336000 -6.521000 -1.033000 8 1 
1910 5.408000 -6.423000 -1.028000 8 1 
1911 5.514000 -6.343000 -1.029000 8 1 
1912 5.632000 -6.297000 -1.036000 8 1 
1913 5.794000 -6.296000 -1.052000 8 1 
1914 6.128000 -6.472000 -1.104000 8 1 
1915 5.514000 -5.646000 -0.955000 8 1 
1916 7.232000 -7.189000 -1.291000 21 1 
1917 7.342000 -7.094000 -1.293000 21 1 
1918 7.451000 -6.977000 -1.293000 21 1 
1919 7.559000 -6.880000 -1.295000 21 1 
1920 7.643000 -6.762000 -1.293000 21 1 
1921 7.735000 -6.651000 -1.292000 21 1 
1922 6.737000 -5.615000 -1.083000 8 1 
1923 7.930000 -6.417000 -1.292000 21 1 
1924 8.029000 -6.311000 -1.294000 21 1 
1925 8.126000 -6.203000 -1.295000 21 1 
1926 8.211000 -6.067000 -1.293000 21 1 
1927 4.183000 -3.016000 -0.555000 9 1 
1928 8.249000 -3.667000 -1.121000 42 1 
1929 8.244000 -3.526000 -1.112000 42 1 
1930 8.221000 -3.380000 -1.100000 42 1 
1931 8.202000 -3.238000 -1.090000 42 1 
1932 8.209000 -3.093000 -1.083000 42 1 
1933 8.209000 -2.961000 -1.077000 42 1 
1934 8.218000 -2.834000 -1.072000 42 1 
1935 8.241000 -2.697000 -1.068000 42 1 
1936 8.273000 -2.579000 -1.068000 42 1 
1937 8.295000 -2.458000 -1.066000 42 1 
1938 8.291000 -2.330000 -1.060000 42 1 
1939 8.564000 -2.261000 -1.096000 42 1 
1940 9.335000 -2.291000 -1.206000 42 1 
1941 5.343000 5.370000 -0.963000 53 1 
1942 5.200000 5.393000 -0.950000 53 1 
1943 5.065000 5.404000 -0.937000 53 1 
1944 4.909000 5.390000 -0.919000 53 1 
1945 4.799000 5.438000 -0.913000 53 1 
1946 4.648000 5.490000 -0.904000 53 1 
1947 4.575000 5.561000 -0.906000 53 1 
1948 4.491000 5.619000 -0.904000 53 1 
1949 4.184000 5.391000 -0.848000 53 1 
1950 4.234000 5.899000 -0.915000 53 1 
1951 4.304000 6.303000 -0.972000 53 1 
1952 4.296000 6.508000 -0.997000 53 1 
1953 5.210000 -7.212000 -1.165000 8 1 
1954 5.234000 -7.011000 -1.143000 8 1 
1955 4.257000 -5.528000 -0.871000 54 1 
1956 5.314000 -6.712000 -1.114000 8 1 
1957 5.361000 -6.556000 -1.100000 8 1 
1958 5.418000 -6.438000 -1.092000 8 1 
1959 5.505000 -6.357000 -1.091000 8 1 
1960 6.710000 -5.617000 -1.143000 8 1 
1961 4.159000 -2.985000 -0.587000 9 1 
1962 8.203000 -3.669000 -1.179000 42 1 
1963 8.176000 -3.519000 -1.166000 42 1 
1964 8.152000 -3.357000 -1.153000 42 1 
1965 8.173000 -3.232000 -1.149000 42 1 
1966 8.227000 -3.119000 -1.150000 42 1 
1967 8.220000 -2.984000 -1.142000 42 1 
1968 8.221000 -2.839000 -1.135000 42 1 
1969 8.247000 -2.718000 -1.133000 42 1 
1970 8.279000 -2.600000 -1.132000 42 1 
1971 8.300000 -2.478000 -1.129000 42 1 
1972 8.374000 -2.357000 -1.135000 42 1 
1973 8.569000 -2.283000 -1.161000 42 1 
1974 9.211000 -2.286000 -1.256000 42 1 
1975 5.277000 5.337000 -1.066000 53 1 
1976 5.113000 5.319000 -1.046000 53 1 
1977 4.936000 5.332000 -1.028000 53 1 
1978 4.784000 5.316000 -1.010000 53 1 
1979 4.655000 5.322000 -0.997000 53 1 
1980 4.528000 5.327000 -0.985000 53 1 
1981 4.395000 5.337000 -0.973000 53 1 
1982 4.280000 5.350000 -0.962000 53 1 
1983 4.149000 5.338000 -0.948000 53 1 
1984 4.054000 5.388000 -0.945000 53 1 
1985 4.124000 5.819000 -1.007000 53 1 
1986 4.102000 5.966000 -1.024000 53 1 
1987 4.179000 6.289000 -1.074000 53 1 
1988 5.210000 -7.102000 -1.273000 8 1 
1989 5.240000 -6.935000 -1.255000 8 1 
1990 4.299000 -5.516000 -0.985000 54 1 
1991 5.393000 -5.467000 -1.094000 8 1 
1992 6.676000 -5.613000 -1.260000 8 1 
1993 4.162000 -3.008000 -0.690000 9 1 
1994 4.210000 -2.943000 -0.690000 9 1 
1995 8.389000 -3.170000 -1.299000 42 1 
1996 8.380000 -3.032000 -1.290000 42 1 
1997 8.177000 -2.815000 -1.248000 42 1 
1998 8.192000 -2.692000 -1.244000 42 1 
1999 8.205000 -2.568000 -1.240000 42 1 
2000 8.248000 -2.454000 -1.241000 42 1 
2001 8.323000 -2.335000 -1.247000 42 1 
2002 8.573000 -2.274000 -1.283000 42 1 
2003 5.451000 5.350000 -1.163000 53 1 
2004 5.243000 5.310000 -1.133000 53 1 
2005 5.067000 5.313000 -1.113000 53 1 
2006 4.926000 5.315000 -1.097000 53 1 
2007 4.775000 5.301000 -1.078000 53 1 
2008 4.625000 5.300000 -1.061000 53 1 
2009 4.502000 5.309000 -1.049000 53 1 
2010 4.383000 5.319000 -1.037000 53 1 
2011 4.247000 5.323000 -1.023000 53 1 
2012 4.113000 5.308000 -1.007000 53 1 
2013 4.004000 5.321000 -0.998000 53 1 
2014 4.187000 -5.410000 -1.028000 54 1 
2015 4.168000 -2.968000 -0.738000 9 1 
2016 5.341000 5.315000 -1.212000 53 1 
2017 5.191000 5.314000 -1.193000 53 1 
2018 5.012000 5.311000 -1.171000 53 1 
2019 4.854000 5.307000 -1.151000 53 1 
2020 4.716000 5.304000 -1.134000 53 1 
2021 4.580000 5.300000 -1.118000 53 1 
2022 4.456000 5.305000 -1.104000 53 1 
2023 4.316000 5.306000 -1.089000 53 1 
2024 4.187000 5.298000 -1.073000 53 1 
2025 4.080000 5.314000 -1.064000 53 1 
2026 4.207000 -2.982000 -0.790000 9 1 
2027 5.342000 5.301000 -1.266000 53 1 
2028 5.178000 5.287000 -1.243000 53 1 
2029 5.039000 5.293000 -1.226000 53 1 
2030 4.894000 5.289000 -1.207000 53 1 
2031 4.750000 5.298000 -1.190000 53 1 
2032 4.610000 5.290000 -1.172000 53 1 
2033 4.478000 5.289000 -1.156000 53 1 
2034 4.352000 5.307000 -1.144000 53 1 
2035 4.215000 5.292000 -1.126000 53 1 
2036 4.096000 5.295000 -1.112000 53 1 
2037 4.349000 -5.576000 -1.182000 54 1 
2038 4.171000 -3.045000 -0.830000 9 1 
2039 4.193000 -2.961000 -0.824000 9 1 
2040 5.033000 5.296000 -1.290000 53 1 
2041 4.894000 5.297000 -1.272000 53 1 
2042 4.764000 5.320000 -1.258000 53 1 
2043 4.617000 5.305000 -1.237000 53 1 
2044 4.496000 5.316000 -1.224000 53 1 
2045 4.375000 5.323000 -1.210000 53 1 
2046 4.240000 5.326000 -1.194000 53 1 
2047 4.125000 5.334000 -1.181000 53 1 
2048 4.136000 -3.033000 -0.869000 9 1 
2049 4.166000 -2.975000 -0.867000 9 1 
2050 4.478000 5.272000 -1.296000 53 1 
2051 4.343000 5.262000 -1.276000 53 1 
2052 4.224000 5.268000 -1.262000 53 1 
2053 4.088000 5.268000 -1.245000 53 1 
2054 4.114000 -3.013000 -0.923000 9 1 
2055 4.149000 -2.950000 -0.921000 9 1 
2056 4.194000 -3.044000 -0.989000 9 1 
2057 4.237000 -2.975000 -0.988000 9 1 
2058 4.190000 -3.035000 -1.030000 9 1 
2059 4.249000 -2.986000 -1.034000 9 1 
2060 4.186000 -2.992000 -1.069000 9 1 
2061 4.266000 -2.959000 -1.080000 9 1 
2062 4.207000 -3.044000 -1.123000 9 1 
2063 4.253000 -2.986000 -1.124000 9 1 
2064 4.133000 -2.993000 -1.155000 9 1 
2065 4.192000 -2.937000 -1.159000 9 1 
2066 4.119000 -2.994000 -1.204000 9 1 
2067 4.169000 -2.941000 -1.207000 9 1 
2068 4.171000 -2.981000 -1.270000 9 1 
